 55197.000000  0.098726  0.192809  0.114075
 55198.000000  0.096636  0.193215  0.113429
 55199.000000  0.094705  0.193068  0.112522
 55200.000000  0.092758  0.193452  0.111355
 55201.000000  0.090532  0.193699  0.110012
 55202.000000  0.087633  0.194129  0.108625
 55203.000000  0.084315  0.194241  0.107337
 55204.000000  0.081227  0.194421  0.106251
 55205.000000  0.077930  0.194474  0.105408
 55206.000000  0.074247  0.194381  0.104809
 55207.000000  0.070533  0.194261  0.104411
 55208.000000  0.067640  0.194353  0.104132
 55209.000000  0.064905  0.194508  0.103892
 55210.000000  0.062152  0.194910  0.103642
 55211.000000  0.059170  0.195186  0.103321
 55212.000000  0.055833  0.195619  0.102855
 55213.000000  0.052404  0.195718  0.102196
 55214.000000  0.048883  0.195984  0.101358
 55215.000000  0.044990  0.196117  0.100413
 55216.000000  0.041033  0.196439  0.099421
 55217.000000  0.037040  0.196811  0.098406
 55218.000000  0.033601  0.197097  0.097388
 55219.000000  0.030616  0.197155  0.096397
 55220.000000  0.028163  0.197354  0.095488
 55221.000000  0.025557  0.197986  0.094721
 55222.000000  0.023080  0.198517  0.094092
 55223.000000  0.020666  0.199248  0.093533
 55224.000000  0.018929  0.200317  0.092914
 55225.000000  0.017858  0.201863  0.092094
 55226.000000  0.016392  0.204026  0.090996
 55227.000000  0.014096  0.206323  0.089560
 55228.000000  0.011566  0.207960  0.087837
 55229.000000  0.008713  0.209262  0.085977
 55230.000000  0.006056  0.210320  0.084130
 55231.000000  0.003314  0.211845  0.082454
 55232.000000  0.000906  0.212744  0.081037
 55233.000000  -0.001071  0.213357  0.079868
 55234.000000  -0.002842  0.214081  0.078918
 55235.000000  -0.004825  0.215039  0.078161
 55236.000000  -0.006459  0.216232  0.077539
 55237.000000  -0.008312  0.217846  0.076984
 55238.000000  -0.010818  0.219449  0.076338
 55239.000000  -0.013636  0.221032  0.075647
 55240.000000  -0.015907  0.222555  0.074760
 55241.000000  -0.017850  0.224413  0.073691
 55242.000000  -0.019530  0.226286  0.072443
 55243.000000  -0.021171  0.228558  0.071055
 55244.000000  -0.022536  0.230871  0.069581
 55245.000000  -0.023438  0.232931  0.068058
 55246.000000  -0.024196  0.235179  0.066573
 55247.000000  -0.025097  0.237254  0.065212
 55248.000000  -0.026340  0.239158  0.063971
 55249.000000  -0.027511  0.240850  0.062841
 55250.000000  -0.028336  0.242578  0.061820
 55251.000000  -0.029175  0.244479  0.060852
 55252.000000  -0.030407  0.246621  0.059776
 55253.000000  -0.031553  0.248674  0.058456
 55254.000000  -0.032498  0.251011  0.056896
 55255.000000  -0.034051  0.253388  0.055042
 55256.000000  -0.035022  0.255572  0.052980
 55257.000000  -0.035928  0.257692  0.050918
 55258.000000  -0.036883  0.259829  0.049036
 55259.000000  -0.038271  0.261877  0.047402
 55260.000000  -0.039059  0.263869  0.046025
 55261.000000  -0.039936  0.265978  0.044926
 55262.000000  -0.041314  0.267682  0.044038
 55263.000000  -0.042948  0.269473  0.043255
 55264.000000  -0.044802  0.270946  0.042456
 55265.000000  -0.046157  0.272476  0.041547
 55266.000000  -0.047062  0.273908  0.040576
 55267.000000  -0.048035  0.275747  0.039581
 55268.000000  -0.048704  0.277641  0.038494
 55269.000000  -0.049656  0.280122  0.037380
 55270.000000  -0.050821  0.282708  0.036246
 55271.000000  -0.051856  0.285419  0.035049
 55272.000000  -0.052544  0.287660  0.033809
 55273.000000  -0.053205  0.289659  0.032590
 55274.000000  -0.053905  0.291101  0.031487
 55275.000000  -0.054397  0.292482  0.030574
 55276.000000  -0.054487  0.294094  0.029826
 55277.000000  -0.054452  0.296079  0.029201
 55278.000000  -0.054665  0.298261  0.028654
 55279.000000  -0.055173  0.300826  0.028071
 55280.000000  -0.055966  0.303553  0.027273
 55281.000000  -0.057001  0.306182  0.026132
 55282.000000  -0.057609  0.308208  0.024674
 55283.000000  -0.058274  0.310491  0.022952
 55284.000000  -0.058899  0.312631  0.021023
 55285.000000  -0.059896  0.314902  0.019046
 55286.000000  -0.060789  0.316838  0.017233
 55287.000000  -0.061070  0.319217  0.015730
 55288.000000  -0.061595  0.322004  0.014572
 55289.000000  -0.062106  0.324581  0.013653
 55290.000000  -0.062950  0.327269  0.012856
 55291.000000  -0.064115  0.329423  0.012064
 55292.000000  -0.065848  0.331314  0.011200
 55293.000000  -0.067063  0.332875  0.010239
 55294.000000  -0.067829  0.334913  0.009122
 55295.000000  -0.068175  0.337168  0.007864
 55296.000000  -0.068462  0.339673  0.006512
 55297.000000  -0.068303  0.342213  0.005062
 55298.000000  -0.068121  0.345080  0.003531
 55299.000000  -0.068125  0.347953  0.001964
 55300.000000  -0.068413  0.350711  0.000409
 55301.000000  -0.068870  0.353083  -0.001089
 55302.000000  -0.068868  0.355239  -0.002475
 55303.000000  -0.069024  0.357448  -0.003683
 55304.000000  -0.069204  0.359706  -0.004768
 55305.000000  -0.068972  0.362012  -0.005802
 55306.000000  -0.068843  0.364650  -0.006852
 55307.000000  -0.068894  0.366970  -0.008009
 55308.000000  -0.069333  0.369362  -0.009371
 55309.000000  -0.069943  0.371851  -0.010973
 55310.000000  -0.070312  0.374060  -0.012741
 55311.000000  -0.070707  0.376344  -0.014614
 55312.000000  -0.071107  0.378575  -0.016505
 55313.000000  -0.070784  0.380913  -0.018307
 55314.000000  -0.070789  0.383505  -0.019930
 55315.000000  -0.071053  0.385470  -0.021290
 55316.000000  -0.071084  0.387524  -0.022352
 55317.000000  -0.070832  0.389504  -0.023152
 55318.000000  -0.070276  0.391405  -0.023806
 55319.000000  -0.069533  0.393386  -0.024380
 55320.000000  -0.068356  0.395410  -0.024912
 55321.000000  -0.066683  0.397377  -0.025474
 55322.000000  -0.064912  0.399829  -0.026104
 55323.000000  -0.062943  0.402390  -0.026836
 55324.000000  -0.060503  0.405204  -0.027707
 55325.000000  -0.058914  0.408068  -0.028743
 55326.000000  -0.057852  0.410644  -0.029915
 55327.000000  -0.056599  0.413093  -0.031147
 55328.000000  -0.055558  0.415348  -0.032340
 55329.000000  -0.054473  0.417510  -0.033411
 55330.000000  -0.053355  0.419462  -0.034297
 55331.000000  -0.051882  0.421506  -0.034987
 55332.000000  -0.050583  0.423401  -0.035639
 55333.000000  -0.049099  0.424992  -0.036337
 55334.000000  -0.047442  0.426299  -0.037156
 55335.000000  -0.045408  0.427774  -0.038226
 55336.000000  -0.043492  0.429582  -0.039534
 55337.000000  -0.041560  0.431458  -0.041024
 55338.000000  -0.039432  0.433357  -0.042671
 55339.000000  -0.037522  0.435497  -0.044359
 55340.000000  -0.035657  0.437514  -0.045901
 55341.000000  -0.034043  0.439624  -0.047197
 55342.000000  -0.032550  0.441675  -0.048254
 55343.000000  -0.031427  0.443742  -0.049116
 55344.000000  -0.030425  0.445365  -0.049807
 55345.000000  -0.028977  0.446704  -0.050345
 55346.000000  -0.027330  0.448101  -0.050747
 55347.000000  -0.025941  0.450080  -0.051116
 55348.000000  -0.024105  0.451851  -0.051574
 55349.000000  -0.022387  0.453656  -0.052159
 55350.000000  -0.020816  0.454969  -0.052845
 55351.000000  -0.019305  0.456478  -0.053579
 55352.000000  -0.017327  0.457776  -0.054306
 55353.000000  -0.014569  0.459303  -0.055021
 55354.000000  -0.011921  0.461098  -0.055675
 55355.000000  -0.009543  0.462681  -0.056219
 55356.000000  -0.006576  0.464239  -0.056648
 55357.000000  -0.003767  0.466092  -0.056967
 55358.000000  -0.001155  0.467668  -0.057168
 55359.000000  0.001673  0.469309  -0.057242
 55360.000000  0.004960  0.470811  -0.057294
 55361.000000  0.007774  0.472326  -0.057400
 55362.000000  0.010304  0.473358  -0.057602
 55363.000000  0.012923  0.474408  -0.057951
 55364.000000  0.015962  0.475372  -0.058463
 55365.000000  0.019152  0.476452  -0.059094
 55366.000000  0.022351  0.477546  -0.059738
 55367.000000  0.024873  0.478505  -0.060198
 55368.000000  0.027630  0.478734  -0.060414
 55369.000000  0.030637  0.478928  -0.060406
 55370.000000  0.034115  0.478831  -0.060173
 55371.000000  0.037827  0.479095  -0.059730
 55372.000000  0.041375  0.479703  -0.059135
 55373.000000  0.044200  0.480400  -0.058511
 55374.000000  0.047215  0.481201  -0.057936
 55375.000000  0.050173  0.481898  -0.057450
 55376.000000  0.053607  0.482441  -0.057106
 55377.000000  0.056963  0.482897  -0.056943
 55378.000000  0.060852  0.483107  -0.056872
 55379.000000  0.064590  0.483583  -0.056831
 55380.000000  0.067989  0.483868  -0.056868
 55381.000000  0.071021  0.483998  -0.056897
 55382.000000  0.074426  0.484080  -0.056856
 55383.000000  0.077816  0.484027  -0.056683
 55384.000000  0.080981  0.484337  -0.056333
 55385.000000  0.083756  0.484229  -0.055832
 55386.000000  0.086311  0.484011  -0.055230
 55387.000000  0.088555  0.483888  -0.054601
 55388.000000  0.090810  0.483801  -0.054062
 55389.000000  0.093165  0.483707  -0.053675
 55390.000000  0.095450  0.483748  -0.053486
 55391.000000  0.098128  0.483709  -0.053532
 55392.000000  0.100375  0.483835  -0.053756
 55393.000000  0.102295  0.483329  -0.054067
 55394.000000  0.104190  0.482872  -0.054386
 55395.000000  0.106473  0.481682  -0.054584
 55396.000000  0.109448  0.480580  -0.054599
 55397.000000  0.112146  0.479428  -0.054417
 55398.000000  0.114595  0.478610  -0.054028
 55399.000000  0.117032  0.477863  -0.053385
 55400.000000  0.119516  0.477129  -0.052610
 55401.000000  0.121733  0.476362  -0.051888
 55402.000000  0.123759  0.474958  -0.051160
 55403.000000  0.126236  0.473573  -0.050595
 55404.000000  0.128864  0.472279  -0.050191
 55405.000000  0.131255  0.471277  -0.049972
 55406.000000  0.133376  0.470430  -0.049819
 55407.000000  0.135281  0.469477  -0.049771
 55408.000000  0.137272  0.467988  -0.049718
 55409.000000  0.139468  0.466696  -0.049534
 55410.000000  0.141635  0.465533  -0.049296
 55411.000000  0.143835  0.464540  -0.048959
 55412.000000  0.145939  0.463660  -0.048571
 55413.000000  0.147713  0.462520  -0.048132
 55414.000000  0.149642  0.461386  -0.047682
 55415.000000  0.151728  0.460002  -0.047297
 55416.000000  0.153885  0.458940  -0.047057
 55417.000000  0.156184  0.457790  -0.047062
 55418.000000  0.158482  0.456716  -0.047350
 55419.000000  0.161130  0.455342  -0.047964
 55420.000000  0.164099  0.454289  -0.048706
 55421.000000  0.166609  0.452938  -0.049432
 55422.000000  0.169005  0.451439  -0.050067
 55423.000000  0.171390  0.449639  -0.050450
 55424.000000  0.174497  0.447967  -0.050606
 55425.000000  0.177723  0.447071  -0.050531
 55426.000000  0.180192  0.445942  -0.050256
 55427.000000  0.182554  0.444847  -0.049861
 55428.000000  0.184480  0.443034  -0.049454
 55429.000000  0.186797  0.441230  -0.049180
 55430.000000  0.189132  0.439198  -0.048945
 55431.000000  0.192067  0.437223  -0.048913
 55432.000000  0.194838  0.435772  -0.049035
 55433.000000  0.197377  0.434488  -0.049272
 55434.000000  0.199349  0.433260  -0.049599
 55435.000000  0.201118  0.431695  -0.050003
 55436.000000  0.202338  0.429962  -0.050324
 55437.000000  0.203377  0.428398  -0.050629
 55438.000000  0.204408  0.427159  -0.050813
 55439.000000  0.205651  0.425668  -0.050903
 55440.000000  0.206955  0.424607  -0.050913
 55441.000000  0.207612  0.423031  -0.050814
 55442.000000  0.208791  0.421266  -0.050724
 55443.000000  0.210037  0.419366  -0.050715
 55444.000000  0.211558  0.417763  -0.050841
 55445.000000  0.212727  0.416241  -0.051233
 55446.000000  0.214116  0.414408  -0.051934
 55447.000000  0.215817  0.412621  -0.052841
 55448.000000  0.217144  0.410820  -0.053945
 55449.000000  0.218743  0.408731  -0.054966
 55450.000000  0.220295  0.406567  -0.055755
 55451.000000  0.221830  0.404381  -0.056282
 55452.000000  0.222777  0.402204  -0.056534
 55453.000000  0.223737  0.399851  -0.056530
 55454.000000  0.224862  0.397004  -0.056430
 55455.000000  0.226622  0.394737  -0.056303
 55456.000000  0.228009  0.392870  -0.056161
 55457.000000  0.229354  0.391111  -0.056207
 55458.000000  0.230610  0.389436  -0.056296
 55459.000000  0.231523  0.387950  -0.056545
 55460.000000  0.231996  0.386059  -0.056904
 55461.000000  0.232370  0.384119  -0.057313
 55462.000000  0.233113  0.381830  -0.057771
 55463.000000  0.234222  0.380161  -0.058270
 55464.000000  0.234727  0.378544  -0.058716
 55465.000000  0.235194  0.376711  -0.059152
 55466.000000  0.235315  0.374878  -0.059468
 55467.000000  0.235361  0.372728  -0.059646
 55468.000000  0.235136  0.370393  -0.059833
 55469.000000  0.234789  0.368060  -0.059877
 55470.000000  0.234256  0.365798  -0.060113
 55471.000000  0.234065  0.363486  -0.060438
 55472.000000  0.234022  0.360957  -0.061100
 55473.000000  0.234019  0.358502  -0.062122
 55474.000000  0.234197  0.356216  -0.063489
 55475.000000  0.234833  0.353777  -0.065102
 55476.000000  0.234976  0.351586  -0.066790
 55477.000000  0.234868  0.349064  -0.068428
 55478.000000  0.234457  0.346610  -0.069854
 55479.000000  0.234171  0.344115  -0.071032
 55480.000000  0.233987  0.341955  -0.072004
 55481.000000  0.233807  0.339427  -0.072835
 55482.000000  0.233887  0.337272  -0.073610
 55483.000000  0.234143  0.335533  -0.074386
 55484.000000  0.234343  0.333935  -0.075215
 55485.000000  0.234100  0.332469  -0.076133
 55486.000000  0.233559  0.330788  -0.077086
 55487.000000  0.233258  0.328925  -0.078174
 55488.000000  0.232909  0.326987  -0.079341
 55489.000000  0.232475  0.324988  -0.080627
 55490.000000  0.231865  0.323019  -0.081815
 55491.000000  0.231370  0.320621  -0.082942
 55492.000000  0.230633  0.318397  -0.083961
 55493.000000  0.230107  0.316429  -0.084798
 55494.000000  0.229006  0.314954  -0.085514
 55495.000000  0.227486  0.312914  -0.086121
 55496.000000  0.226320  0.310737  -0.086660
 55497.000000  0.225441  0.308254  -0.087199
 55498.000000  0.224659  0.306027  -0.087838
 55499.000000  0.224134  0.303532  -0.088671
 55500.000000  0.223341  0.301651  -0.089747
 55501.000000  0.222571  0.299488  -0.091113
 55502.000000  0.221518  0.297218  -0.092705
 55503.000000  0.220980  0.294250  -0.094456
 55504.000000  0.220652  0.291894  -0.096149
 55505.000000  0.220444  0.289499  -0.097721
 55506.000000  0.220249  0.287265  -0.099044
 55507.000000  0.219513  0.285377  -0.100149
 55508.000000  0.217659  0.283067  -0.100986
 55509.000000  0.216257  0.280677  -0.101675
 55510.000000  0.214993  0.278759  -0.102229
 55511.000000  0.213841  0.276857  -0.102844
 55512.000000  0.212738  0.275064  -0.103528
 55513.000000  0.212000  0.273508  -0.104345
 55514.000000  0.210992  0.272286  -0.105328
 55515.000000  0.210011  0.270625  -0.106425
 55516.000000  0.208872  0.268609  -0.107590
 55517.000000  0.207983  0.266065  -0.108748
 55518.000000  0.207119  0.263513  -0.109872
 55519.000000  0.206450  0.260914  -0.110910
 55520.000000  0.205566  0.258370  -0.111707
 55521.000000  0.205146  0.256117  -0.112400
 55522.000000  0.204785  0.254179  -0.112962
 55523.000000  0.204228  0.252298  -0.113455
 55524.000000  0.202832  0.250683  -0.113952
 55525.000000  0.201248  0.248744  -0.114517
 55526.000000  0.199936  0.246992  -0.115307
 55527.000000  0.198785  0.245563  -0.116131
 55528.000000  0.197286  0.244396  -0.117323
 55529.000000  0.195855  0.242774  -0.118681
 55530.000000  0.194740  0.241088  -0.120063
 55531.000000  0.193577  0.239694  -0.121443
 55532.000000  0.192151  0.238417  -0.122694
 55533.000000  0.191016  0.236901  -0.123671
 55534.000000  0.189999  0.235432  -0.124403
 55535.000000  0.188297  0.234031  -0.124936
 55536.000000  0.186410  0.232392  -0.125347
 55537.000000  0.184906  0.230865  -0.125774
 55538.000000  0.183786  0.229509  -0.126251
 55539.000000  0.183046  0.228401  -0.126798
 55540.000000  0.181802  0.227725  -0.127473
 55541.000000  0.179886  0.226795  -0.128175
 55542.000000  0.177754  0.225762  -0.128911
 55543.000000  0.175117  0.225122  -0.129633
 55544.000000  0.171866  0.223994  -0.130345
 55545.000000  0.168426  0.222454  -0.130997
 55546.000000  0.166027  0.220801  -0.131531
 55547.000000  0.164910  0.219753  -0.132035
 55548.000000  0.164112  0.218829  -0.132415
 55549.000000  0.163186  0.217747  -0.132695
 55550.000000  0.161418  0.216701  -0.132799
 55551.000000  0.159222  0.215495  -0.132893
 55552.000000  0.157033  0.214405  -0.133113
 55553.000000  0.154831  0.213248  -0.133420
 55554.000000  0.153146  0.212315  -0.134031
 55555.000000  0.151468  0.211555  -0.134620
 55556.000000  0.149609  0.210590  -0.135683
 55557.000000  0.147348  0.209348  -0.136821
 55558.000000  0.144560  0.207831  -0.137934
 55559.000000  0.141001  0.206582  -0.138957
 55560.000000  0.137321  0.205271  -0.139628
 55561.000000  0.134041  0.204170  -0.140278
 55562.000000  0.130966  0.203162  -0.140545
 55563.000000  0.127655  0.202371  -0.140779
 55564.000000  0.124434  0.201423  -0.140946
 55565.000000  0.121283  0.200743  -0.141126
 55566.000000  0.117687  0.200384  -0.141351
 55567.000000  0.113741  0.199918  -0.141639
 55568.000000  0.110094  0.199337  -0.142072
 55569.000000  0.106360  0.198731  -0.142601
 55570.000000  0.103123  0.197685  -0.143126
 55571.000000  0.101155  0.196737  -0.143744
 55572.000000  0.099968  0.196106  -0.144319
 55573.000000  0.099080  0.195958  -0.144921
 55574.000000  0.097619  0.196107  -0.145456
 55575.000000  0.095315  0.196064  -0.145948
 55576.000000  0.092315  0.195810  -0.146388
 55577.000000  0.088839  0.195805  -0.146631
 55578.000000  0.084997  0.195507  -0.146871
 55579.000000  0.081301  0.195058  -0.147197
 55580.000000  0.077949  0.194828  -0.147560
 55581.000000  0.074613  0.194847  -0.148079
 55582.000000  0.071368  0.194745  -0.148812
 55583.000000  0.067857  0.194555  -0.149699
 55584.000000  0.064912  0.194656  -0.150826
 55585.000000  0.061563  0.194956  -0.151903
 55586.000000  0.058673  0.195632  -0.153069
 55587.000000  0.055344  0.196348  -0.154023
 55588.000000  0.052416  0.197299  -0.154937
 55589.000000  0.049435  0.198115  -0.155239
 55590.000000  0.047555  0.198592  -0.155572
 55591.000000  0.046072  0.199310  -0.155855
 55592.000000  0.045114  0.199782  -0.156155
 55593.000000  0.044440  0.200671  -0.156564
 55594.000000  0.043660  0.201456  -0.157046
 55595.000000  0.042813  0.202284  -0.157689
 55596.000000  0.041547  0.202588  -0.158405
 55597.000000  0.040248  0.202946  -0.159260
 55598.000000  0.039071  0.203399  -0.159987
 55599.000000  0.038216  0.204355  -0.160722
 55600.000000  0.037478  0.205750  -0.161460
 55601.000000  0.036209  0.207279  -0.162073
 55602.000000  0.034288  0.208585  -0.162619
 55603.000000  0.032142  0.209580  -0.163090
 55604.000000  0.030689  0.210496  -0.163461
 55605.000000  0.029401  0.211590  -0.163801
 55606.000000  0.027765  0.212385  -0.164170
 55607.000000  0.026137  0.213161  -0.164668
 55608.000000  0.024927  0.214465  -0.165379
 55609.000000  0.023428  0.216247  -0.167252
 55610.000000  0.021783  0.217880  -0.167711
 55611.000000  0.020066  0.218925  -0.169152
 55612.000000  0.018531  0.220051  -0.170750
 55613.000000  0.016805  0.220746  -0.172362
 55614.000000  0.015218  0.221287  -0.173826
 55615.000000  0.013786  0.221992  -0.175004
 55616.000000  0.012252  0.222929  -0.175859
 55617.000000  0.010163  0.223985  -0.176474
 55618.000000  0.007629  0.224765  -0.176957
 55619.000000  0.004975  0.225694  -0.177375
 55620.000000  0.002607  0.226951  -0.177810
 55621.000000  0.000844  0.228255  -0.178450
 55622.000000  -0.000710  0.229417  -0.179197
 55623.000000  -0.001795  0.230529  -0.180083
 55624.000000  -0.002628  0.231992  -0.181160
 55625.000000  -0.003047  0.233538  -0.182330
 55626.000000  -0.003425  0.235535  -0.183514
 55627.000000  -0.004482  0.237503  -0.184664
 55628.000000  -0.005798  0.239005  -0.185747
 55629.000000  -0.006931  0.240545  -0.186730
 55630.000000  -0.007832  0.242357  -0.187680
 55631.000000  -0.008871  0.244280  -0.188403
 55632.000000  -0.010349  0.246246  -0.189132
 55633.000000  -0.011719  0.248022  -0.189382
 55634.000000  -0.013525  0.249718  -0.190178
 55635.000000  -0.015235  0.250619  -0.191037
 55636.000000  -0.016835  0.251750  -0.191990
 55637.000000  -0.018306  0.253080  -0.193244
 55638.000000  -0.019570  0.254476  -0.194660
 55639.000000  -0.020623  0.256031  -0.196210
 55640.000000  -0.021703  0.257767  -0.197806
 55641.000000  -0.022751  0.259783  -0.199362
 55642.000000  -0.024458  0.261833  -0.200731
 55643.000000  -0.025721  0.263476  -0.201834
 55644.000000  -0.026847  0.265328  -0.202730
 55645.000000  -0.027196  0.267036  -0.203570
 55646.000000  -0.027504  0.269000  -0.204420
 55647.000000  -0.028444  0.270780  -0.205114
 55648.000000  -0.029353  0.272664  -0.206254
 55649.000000  -0.030318  0.274323  -0.207529
 55650.000000  -0.030934  0.275781  -0.208848
 55651.000000  -0.031759  0.277492  -0.210238
 55652.000000  -0.033082  0.279100  -0.211706
 55653.000000  -0.034716  0.280674  -0.213201
 55654.000000  -0.036178  0.281964  -0.214687
 55655.000000  -0.037446  0.283629  -0.216066
 55656.000000  -0.039342  0.285435  -0.217279
 55657.000000  -0.041380  0.287028  -0.218329
 55658.000000  -0.042407  0.288731  -0.219279
 55659.000000  -0.042918  0.290954  -0.219982
 55660.000000  -0.043363  0.293426  -0.220747
 55661.000000  -0.043301  0.295715  -0.221502
 55662.000000  -0.043607  0.297707  -0.222345
 55663.000000  -0.043909  0.299624  -0.223306
 55664.000000  -0.044058  0.301873  -0.224477
 55665.000000  -0.044165  0.304216  -0.225799
 55666.000000  -0.044074  0.306721  -0.227300
 55667.000000  -0.043861  0.309394  -0.228928
 55668.000000  -0.044061  0.311935  -0.230582
 55669.000000  -0.044242  0.314363  -0.232122
 55670.000000  -0.044559  0.316364  -0.233458
 55671.000000  -0.044638  0.318413  -0.234567
 55672.000000  -0.044954  0.320449  -0.235404
 55673.000000  -0.045062  0.322227  -0.236149
 55674.000000  -0.045241  0.323949  -0.236891
 55675.000000  -0.045842  0.325815  -0.237697
 55676.000000  -0.046183  0.327527  -0.238583
 55677.000000  -0.045999  0.329197  -0.239411
 55678.000000  -0.045774  0.331348  -0.240563
 55679.000000  -0.045321  0.333599  -0.241613
 55680.000000  -0.045123  0.336166  -0.242777
 55681.000000  -0.044683  0.338537  -0.243875
 55682.000000  -0.044018  0.341153  -0.244944
 55683.000000  -0.043225  0.344051  -0.245981
 55684.000000  -0.042667  0.346740  -0.246852
 55685.000000  -0.042430  0.349119  -0.247745
 55686.000000  -0.041884  0.351245  -0.248584
 55687.000000  -0.041665  0.353499  -0.249408
 55688.000000  -0.041472  0.355327  -0.250211
 55689.000000  -0.041732  0.357362  -0.251107
 55690.000000  -0.041750  0.358957  -0.252106
 55691.000000  -0.041194  0.360792  -0.253312
 55692.000000  -0.039833  0.362880  -0.254840
 55693.000000  -0.038488  0.365469  -0.256414
 55694.000000  -0.036558  0.368192  -0.258155
 55695.000000  -0.034786  0.371205  -0.260009
 55696.000000  -0.033368  0.374035  -0.261807
 55697.000000  -0.032609  0.376448  -0.263452
 55698.000000  -0.031900  0.377959  -0.264845
 55699.000000  -0.031295  0.380023  -0.265999
 55700.000000  -0.030679  0.381615  -0.267006
 55701.000000  -0.029859  0.383254  -0.267790
 55702.000000  -0.028955  0.384760  -0.268579
 55703.000000  -0.028093  0.386195  -0.269387
 55704.000000  -0.026753  0.387690  -0.270219
 55705.000000  -0.025454  0.389209  -0.271104
 55706.000000  -0.023642  0.390864  -0.272000
 55707.000000  -0.021999  0.393072  -0.272892
 55708.000000  -0.020279  0.395562  -0.273896
 55709.000000  -0.019072  0.397323  -0.274911
 55710.000000  -0.017910  0.398904  -0.275802
 55711.000000  -0.017306  0.400662  -0.276636
 55712.000000  -0.016447  0.401974  -0.277326
 55713.000000  -0.015294  0.403217  -0.277894
 55714.000000  -0.014217  0.404443  -0.278414
 55715.000000  -0.013071  0.405691  -0.278917
 55716.000000  -0.011585  0.407428  -0.279405
 55717.000000  -0.009834  0.409290  -0.280067
 55718.000000  -0.007666  0.410741  -0.281022
 55719.000000  -0.005625  0.412262  -0.281881
 55720.000000  -0.003178  0.413950  -0.283007
 55721.000000  -0.000953  0.415650  -0.284195
 55722.000000  0.001798  0.416826  -0.285295
 55723.000000  0.004988  0.418167  -0.286395
 55724.000000  0.008078  0.419791  -0.287299
 55725.000000  0.010611  0.421080  -0.288019
 55726.000000  0.013218  0.422139  -0.288420
 55727.000000  0.015169  0.422939  -0.288803
 55728.000000  0.017119  0.423499  -0.288972
 55729.000000  0.018914  0.424432  -0.289183
 55730.000000  0.020900  0.425358  -0.289413
 55731.000000  0.022796  0.426422  -0.289738
 55732.000000  0.025033  0.427005  -0.290105
 55733.000000  0.027123  0.427744  -0.290487
 55734.000000  0.029126  0.428426  -0.290867
 55735.000000  0.031053  0.429227  -0.291264
 55736.000000  0.032729  0.430135  -0.291518
 55737.000000  0.033651  0.430754  -0.291688
 55738.000000  0.034690  0.431491  -0.291738
 55739.000000  0.036618  0.432144  -0.291731
 55740.000000  0.038496  0.433073  -0.291596
 55741.000000  0.040170  0.433745  -0.291453
 55742.000000  0.042129  0.434646  -0.291179
 55743.000000  0.043686  0.435522  -0.290908
 55744.000000  0.045231  0.436353  -0.290625
 55745.000000  0.046685  0.437092  -0.290530
 55746.000000  0.048254  0.437857  -0.290746
 55747.000000  0.050467  0.438911  -0.291094
 55748.000000  0.052446  0.440119  -0.291557
 55749.000000  0.055156  0.440700  -0.292097
 55750.000000  0.057624  0.441317  -0.292486
 55751.000000  0.059897  0.441678  -0.292781
 55752.000000  0.062117  0.442125  -0.292879
 55753.000000  0.064391  0.442929  -0.292743
 55754.000000  0.065789  0.443820  -0.292494
 55755.000000  0.067199  0.444322  -0.292162
 55756.000000  0.068763  0.444776  -0.291808
 55757.000000  0.070662  0.445100  -0.291572
 55758.000000  0.072292  0.445591  -0.291387
 55759.000000  0.074474  0.446289  -0.291337
 55760.000000  0.076551  0.447190  -0.291405
 55761.000000  0.078703  0.447576  -0.291576
 55762.000000  0.081144  0.447863  -0.291878
 55763.000000  0.083804  0.448189  -0.292005
 55764.000000  0.086581  0.448640  -0.292153
 55765.000000  0.089073  0.449385  -0.292213
 55766.000000  0.090995  0.449731  -0.292206
 55767.000000  0.093168  0.449634  -0.292115
 55768.000000  0.094899  0.449557  -0.291866
 55769.000000  0.096255  0.448675  -0.291591
 55770.000000  0.097856  0.447303  -0.291223
 55771.000000  0.099919  0.446308  -0.290930
 55772.000000  0.101604  0.445878  -0.290748
 55773.000000  0.103137  0.445717  -0.290823
 55774.000000  0.104874  0.445634  -0.291148
 55775.000000  0.106979  0.444957  -0.291654
 55776.000000  0.109328  0.444442  -0.292325
 55777.000000  0.111763  0.443806  -0.292984
 55778.000000  0.114570  0.443243  -0.293593
 55779.000000  0.117274  0.442796  -0.293988
 55780.000000  0.119277  0.442391  -0.294129
 55781.000000  0.121144  0.441836  -0.294117
 55782.000000  0.123254  0.441142  -0.293961
 55783.000000  0.125592  0.440520  -0.293810
 55784.000000  0.127820  0.440072  -0.293610
 55785.000000  0.129628  0.439533  -0.293480
 55786.000000  0.131524  0.438997  -0.293460
 55787.000000  0.133078  0.438523  -0.293543
 55788.000000  0.134792  0.437408  -0.293714
 55789.000000  0.136683  0.436704  -0.293941
 55790.000000  0.138514  0.435947  -0.294182
 55791.000000  0.140347  0.435419  -0.294423
 55792.000000  0.141882  0.434610  -0.294612
 55793.000000  0.143261  0.433771  -0.294692
 55794.000000  0.144155  0.432791  -0.294661
 55795.000000  0.145499  0.431463  -0.294545
 55796.000000  0.146652  0.430487  -0.294400
 55797.000000  0.147662  0.429169  -0.294236
 55798.000000  0.148853  0.428107  -0.294150
 55799.000000  0.150211  0.427048  -0.294210
 55800.000000  0.151933  0.426025  -0.294517
 55801.000000  0.153571  0.424842  -0.295091
 55802.000000  0.155607  0.423520  -0.295901
 55803.000000  0.157454  0.422664  -0.296893
 55804.000000  0.159193  0.421606  -0.297903
 55805.000000  0.161067  0.420835  -0.298878
 55806.000000  0.162527  0.419760  -0.299715
 55807.000000  0.163910  0.418660  -0.300301
 55808.000000  0.165290  0.417086  -0.300663
 55809.000000  0.166560  0.415666  -0.300881
 55810.000000  0.167468  0.414368  -0.301041
 55811.000000  0.168600  0.413222  -0.301221
 55812.000000  0.170152  0.411886  -0.301500
 55813.000000  0.172119  0.410667  -0.301870
 55814.000000  0.174341  0.409372  -0.302302
 55815.000000  0.176190  0.408100  -0.302822
 55816.000000  0.177574  0.406829  -0.303424
 55817.000000  0.178644  0.405686  -0.304091
 55818.000000  0.179737  0.404563  -0.304779
 55819.000000  0.180619  0.403685  -0.305512
 55820.000000  0.181465  0.402535  -0.306138
 55821.000000  0.182140  0.401458  -0.306648
 55822.000000  0.182331  0.400185  -0.307082
 55823.000000  0.182159  0.399096  -0.307489
 55824.000000  0.181978  0.397125  -0.307903
 55825.000000  0.182277  0.394953  -0.308398
 55826.000000  0.182369  0.393000  -0.309041
 55827.000000  0.182344  0.391231  -0.309894
 55828.000000  0.182598  0.389574  -0.311012
 55829.000000  0.182542  0.388045  -0.312395
 55830.000000  0.181995  0.386278  -0.314004
 55831.000000  0.181326  0.384430  -0.315757
 55832.000000  0.180478  0.382530  -0.317523
 55833.000000  0.179884  0.380493  -0.319125
 55834.000000  0.179848  0.378710  -0.320481
 55835.000000  0.179959  0.376801  -0.321625
 55836.000000  0.180046  0.374966  -0.322619
 55837.000000  0.180168  0.373161  -0.323526
 55838.000000  0.180796  0.371281  -0.324464
 55839.000000  0.181805  0.369386  -0.325453
 55840.000000  0.183038  0.367931  -0.326618
 55841.000000  0.183849  0.366623  -0.327883
 55842.000000  0.184914  0.365350  -0.329227
 55843.000000  0.185843  0.364146  -0.330611
 55844.000000  0.186335  0.362751  -0.332005
 55845.000000  0.186283  0.361240  -0.333355
 55846.000000  0.186172  0.359868  -0.334652
 55847.000000  0.185875  0.358428  -0.335805
 55848.000000  0.185584  0.356848  -0.336763
 55849.000000  0.185118  0.354989  -0.337525
 55850.000000  0.184585  0.353028  -0.338139
 55851.000000  0.184489  0.351154  -0.338664
 55852.000000  0.184678  0.349635  -0.339163
 55853.000000  0.185409  0.348154  -0.339721
 55854.000000  0.186175  0.346913  -0.340410
 55855.000000  0.186835  0.345228  -0.341282
 55856.000000  0.186987  0.343892  -0.342365
 55857.000000  0.187069  0.342621  -0.343671
 55858.000000  0.187276  0.341667  -0.345164
 55859.000000  0.187703  0.340368  -0.346751
 55860.000000  0.187687  0.338859  -0.348275
 55861.000000  0.187584  0.336921  -0.349648
 55862.000000  0.187494  0.334921  -0.350807
 55863.000000  0.187633  0.332685  -0.351769
 55864.000000  0.187589  0.330331  -0.352605
 55865.000000  0.187330  0.328167  -0.353417
 55866.000000  0.186888  0.326392  -0.354302
 55867.000000  0.186822  0.324831  -0.355301
 55868.000000  0.187040  0.323848  -0.356413
 55869.000000  0.187158  0.322986  -0.357677
 55870.000000  0.186865  0.321874  -0.359063
 55871.000000  0.186241  0.320274  -0.360483
 55872.000000  0.185529  0.318315  -0.361875
 55873.000000  0.184851  0.316125  -0.363205
 55874.000000  0.184737  0.314192  -0.364360
 55875.000000  0.184847  0.312700  -0.365362
 55876.000000  0.184311  0.310976  -0.366229
 55877.000000  0.183239  0.309272  -0.366970
 55878.000000  0.181724  0.307496  -0.367642
 55879.000000  0.180539  0.305731  -0.368305
 55880.000000  0.179414  0.304534  -0.369001
 55881.000000  0.178356  0.303216  -0.369797
 55882.000000  0.177458  0.302301  -0.370748
 55883.000000  0.176776  0.301593  -0.371873
 55884.000000  0.176069  0.300681  -0.373209
 55885.000000  0.175325  0.299566  -0.374694
 55886.000000  0.174424  0.298706  -0.376237
 55887.000000  0.173153  0.297495  -0.377736
 55888.000000  0.171564  0.296098  -0.379159
 55889.000000  0.170136  0.294421  -0.380405
 55890.000000  0.168429  0.292625  -0.381429
 55891.000000  0.166974  0.290798  -0.382276
 55892.000000  0.166229  0.289484  -0.383034
 55893.000000  0.165659  0.288717  -0.383797
 55894.000000  0.164062  0.287855  -0.384614
 55895.000000  0.162515  0.286555  -0.385530
 55896.000000  0.161065  0.285213  -0.386581
 55897.000000  0.160523  0.284037  -0.387734
 55898.000000  0.160126  0.283224  -0.388912
 55899.000000  0.159780  0.282234  -0.390016
 55900.000000  0.159498  0.281546  -0.391033
 55901.000000  0.158879  0.281124  -0.391933
 55902.000000  0.157695  0.280548  -0.392708
 55903.000000  0.156075  0.279858  -0.393344
 55904.000000  0.154586  0.279027  -0.393904
 55905.000000  0.153975  0.278268  -0.394464
 55906.000000  0.152946  0.277793  -0.395012
 55907.000000  0.152122  0.277134  -0.395592
 55908.000000  0.151257  0.276507  -0.396275
 55909.000000  0.149943  0.276031  -0.397124
 55910.000000  0.148412  0.275427  -0.398158
 55911.000000  0.147197  0.274874  -0.399384
 55912.000000  0.145681  0.274731  -0.400768
 55913.000000  0.144383  0.274584  -0.402242
 55914.000000  0.142680  0.274384  -0.403733
 55915.000000  0.140327  0.273271  -0.405114
 55916.000000  0.138124  0.271971  -0.406366
 55917.000000  0.135795  0.270784  -0.407394
 55918.000000  0.134133  0.269652  -0.408203
 55919.000000  0.132693  0.268659  -0.408940
 55920.000000  0.131411  0.267980  -0.409741
 55921.000000  0.129575  0.267432  -0.410701
 55922.000000  0.127687  0.266757  -0.411872
 55923.000000  0.126148  0.266352  -0.413206
 55924.000000  0.124444  0.265677  -0.414677
 55925.000000  0.122715  0.264897  -0.416200
 55926.000000  0.120760  0.264166  -0.417669
 55927.000000  0.118700  0.263209  -0.419028
 55928.000000  0.117478  0.262407  -0.420263
 55929.000000  0.115947  0.261649  -0.421393
 55930.000000  0.114546  0.260620  -0.422389
 55931.000000  0.113261  0.260200  -0.423281
 55932.000000  0.111438  0.259932  -0.424054
 55933.000000  0.108883  0.259664  -0.424782
 55934.000000  0.106429  0.258874  -0.425533
 55935.000000  0.104225  0.258041  -0.426371
 55936.000000  0.101787  0.257252  -0.427280
 55937.000000  0.099783  0.256002  -0.428377
 55938.000000  0.098374  0.255057  -0.429590
 55939.000000  0.097330  0.254481  -0.431003
 55940.000000  0.096133  0.254325  -0.432522
 55941.000000  0.094902  0.254379  -0.434009
 55942.000000  0.093576  0.254528  -0.435431
 55943.000000  0.091710  0.254906  -0.436576
 55944.000000  0.089569  0.254798  -0.437720
 55945.000000  0.087373  0.254461  -0.438578
 55946.000000  0.085428  0.254180  -0.439313
 55947.000000  0.083249  0.254651  -0.440024
 55948.000000  0.080627  0.254924  -0.440801
 55949.000000  0.078598  0.255078  -0.441698
 55950.000000  0.076541  0.255624  -0.442707
 55951.000000  0.074227  0.255806  -0.443795
 55952.000000  0.071900  0.256092  -0.444937
 55953.000000  0.069358  0.256156  -0.446035
 55954.000000  0.066770  0.256221  -0.447071
 55955.000000  0.064294  0.256203  -0.447994
 55956.000000  0.061824  0.255972  -0.448801
 55957.000000  0.059292  0.255822  -0.449465
 55958.000000  0.056906  0.255521  -0.449991
 55959.000000  0.054725  0.255253  -0.450419
 55960.000000  0.052998  0.254824  -0.450822
 55961.000000  0.051408  0.254365  -0.451264
 55962.000000  0.049333  0.254085  -0.451792
 55963.000000  0.047368  0.254001  -0.452431
 55964.000000  0.045706  0.254220  -0.453314
 55965.000000  0.044328  0.254546  -0.454370
 55966.000000  0.043192  0.255056  -0.455728
 55967.000000  0.042172  0.255797  -0.457166
 55968.000000  0.041276  0.256690  -0.458631
 55969.000000  0.040311  0.257438  -0.460042
 55970.000000  0.038861  0.258102  -0.461330
 55971.000000  0.037082  0.258631  -0.462377
 55972.000000  0.035700  0.259565  -0.463183
 55973.000000  0.034328  0.260928  -0.463780
 55974.000000  0.033052  0.261952  -0.464340
 55975.000000  0.031627  0.263077  -0.464903
 55976.000000  0.030595  0.263990  -0.465572
 55977.000000  0.029688  0.265055  -0.466362
 55978.000000  0.028345  0.265672  -0.467234
 55979.000000  0.026675  0.266316  -0.468153
 55980.000000  0.024689  0.267060  -0.469042
 55981.000000  0.022814  0.267829  -0.469889
 55982.000000  0.021568  0.268920  -0.470616
 55983.000000  0.020597  0.270273  -0.471274
 55984.000000  0.020119  0.271192  -0.471813
 55985.000000  0.019720  0.271968  -0.472274
 55986.000000  0.019069  0.273018  -0.472626
 55987.000000  0.018798  0.274244  -0.472920
 55988.000000  0.018937  0.275646  -0.473183
 55989.000000  0.018563  0.277173  -0.473541
 55990.000000  0.017782  0.278172  -0.474006
 55991.000000  0.017387  0.279057  -0.474626
 55992.000000  0.016938  0.279996  -0.475442
 55993.000000  0.015713  0.280781  -0.476492
 55994.000000  0.014414  0.281463  -0.477678
 55995.000000  0.013219  0.282526  -0.479066
 55996.000000  0.012112  0.283779  -0.480535
 55997.000000  0.011081  0.285000  -0.482021
 55998.000000  0.009693  0.286339  -0.483384
 55999.000000  0.008716  0.287402  -0.484616
 56000.000000  0.007787  0.288851  -0.485766
 56001.000000  0.006396  0.290088  -0.486886
 56002.000000  0.004961  0.291305  -0.488054
 56003.000000  0.003408  0.292453  -0.489373
 56004.000000  0.001664  0.293818  -0.490831
 56005.000000  -0.000066  0.295068  -0.492379
 56006.000000  -0.001503  0.295981  -0.493922
 56007.000000  -0.002628  0.296959  -0.495537
 56008.000000  -0.003668  0.298210  -0.497004
 56009.000000  -0.004461  0.299582  -0.498402
 56010.000000  -0.004601  0.300921  -0.499749
 56011.000000  -0.005048  0.302625  -0.501013
 56012.000000  -0.005769  0.303991  -0.502135
 56013.000000  -0.006669  0.305064  -0.503196
 56014.000000  -0.007584  0.305823  -0.504206
 56015.000000  -0.008111  0.307058  -0.505187
 56016.000000  -0.008824  0.308790  -0.506199
 56017.000000  -0.009569  0.310658  -0.507292
 56018.000000  -0.010272  0.312753  -0.508509
 56019.000000  -0.011351  0.314853  -0.509895
 56020.000000  -0.012264  0.316855  -0.511439
 56021.000000  -0.012896  0.318655  -0.513164
 56022.000000  -0.013364  0.320312  -0.514995
 56023.000000  -0.013715  0.322168  -0.516861
 56024.000000  -0.013652  0.324149  -0.518657
 56025.000000  -0.013097  0.325975  -0.520196
 56026.000000  -0.012284  0.327886  -0.521531
 56027.000000  -0.011627  0.330100  -0.522676
 56028.000000  -0.010886  0.332532  -0.523695
 56029.000000  -0.009896  0.334821  -0.524723
 56030.000000  -0.008876  0.337102  -0.525839
 56031.000000  -0.008011  0.339146  -0.527046
 56032.000000  -0.007230  0.341115  -0.528281
 56033.000000  -0.006329  0.342951  -0.529578
 56034.000000  -0.005199  0.344926  -0.530876
 56035.000000  -0.004236  0.347145  -0.532224
 56036.000000  -0.003430  0.349499  -0.533486
 56037.000000  -0.002859  0.351929  -0.534724
 56038.000000  -0.002364  0.354154  -0.535850
 56039.000000  -0.001494  0.356002  -0.536883
 56040.000000  -0.000272  0.357958  -0.537816
 56041.000000  0.000653  0.359920  -0.538639
 56042.000000  0.001379  0.361760  -0.539387
 56043.000000  0.002156  0.363391  -0.540163
 56044.000000  0.003382  0.364806  -0.540943
 56045.000000  0.004355  0.366218  -0.541805
 56046.000000  0.005295  0.367419  -0.542690
 56047.000000  0.006321  0.368720  -0.543695
 56048.000000  0.007701  0.369896  -0.544879
 56049.000000  0.009214  0.370867  -0.546237
 56050.000000  0.010546  0.371897  -0.547701
 56051.000000  0.011863  0.373233  -0.549189
 56052.000000  0.013328  0.374713  -0.550572
 56053.000000  0.015115  0.376289  -0.551869
 56054.000000  0.016308  0.378006  -0.552961
 56055.000000  0.016994  0.379387  -0.553876
 56056.000000  0.017569  0.380756  -0.554695
 56057.000000  0.017690  0.381913  -0.555569
 56058.000000  0.017780  0.382703  -0.556496
 56059.000000  0.018358  0.383365  -0.557457
 56060.000000  0.019698  0.384038  -0.558482
 56061.000000  0.021579  0.384748  -0.559552
 56062.000000  0.023673  0.385619  -0.560608
 56063.000000  0.025895  0.386691  -0.561729
 56064.000000  0.027811  0.387502  -0.562705
 56065.000000  0.029234  0.388335  -0.563606
 56066.000000  0.030346  0.388884  -0.564346
 56067.000000  0.031434  0.389058  -0.564943
 56068.000000  0.032275  0.389282  -0.565387
 56069.000000  0.033210  0.389771  -0.565794
 56070.000000  0.034221  0.390526  -0.566182
 56071.000000  0.035455  0.391205  -0.566615
 56072.000000  0.037074  0.391898  -0.567093
 56073.000000  0.039082  0.392483  -0.567718
 56074.000000  0.041109  0.393177  -0.568442
 56075.000000  0.042920  0.393837  -0.569321
 56076.000000  0.044706  0.394674  -0.570331
 56077.000000  0.045635  0.395458  -0.571458
 56078.000000  0.046295  0.395962  -0.572661
 56079.000000  0.046904  0.396529  -0.573870
 56080.000000  0.047752  0.397169  -0.575022
 56081.000000  0.048883  0.397593  -0.575983
 56082.000000  0.050164  0.397885  -0.576803
 56083.000000  0.051748  0.398092  -0.577462
 56084.000000  0.053303  0.398675  -0.578023
 56085.000000  0.054801  0.398944  -0.578688
 56086.000000  0.056559  0.399505  -0.579460
 56087.000000  0.058236  0.400027  -0.580329
 56088.000000  0.059975  0.400443  -0.581253
 56089.000000  0.061732  0.401401  -0.582079
 56090.000000  0.063526  0.402509  -0.582854
 56091.000000  0.064962  0.403874  -0.583531
 56092.000000  0.065967  0.404715  -0.584106
 56093.000000  0.066912  0.405172  -0.584496
 56094.000000  0.067613  0.405417  -0.584771
 56095.000000  0.068671  0.405618  -0.584945
 56096.000000  0.070078  0.405863  -0.585004
 56097.000000  0.071947  0.406222  -0.584946
 56098.000000  0.073719  0.406799  -0.584859
 56099.000000  0.075527  0.407342  -0.584780
 56100.000000  0.077422  0.407945  -0.584745
 56101.000000  0.078904  0.408461  -0.584811
 56102.000000  0.080862  0.408502  -0.584999
 56103.000000  0.083114  0.408517  -0.585305
 56104.000000  0.085285  0.408564  -0.585716
 56105.000000  0.087439  0.408651  -0.586171
 56106.000000  0.089473  0.409002  -0.586538
 56107.000000  0.091346  0.409225  -0.586762
 56108.000000  0.092800  0.409392  -0.586842
 56109.000000  0.094064  0.409151  0.413227
 56110.000000  0.095640  0.408939  0.413415
 56111.000000  0.097268  0.408650  0.413666
 56112.000000  0.098946  0.408274  0.413814
 56113.000000  0.100502  0.407981  0.413919
 56114.000000  0.102491  0.407531  0.413900
 56115.000000  0.105059  0.407518  0.413714
 56116.000000  0.107683  0.407590  0.413470
 56117.000000  0.110089  0.407731  0.413156
 56118.000000  0.111864  0.407792  0.412900
 56119.000000  0.113448  0.407539  0.412674
 56120.000000  0.114869  0.407288  0.412664
 56121.000000  0.116662  0.407013  0.412864
 56122.000000  0.118293  0.407111  0.413106
 56123.000000  0.119936  0.407332  0.413412
 56124.000000  0.121393  0.407270  0.413749
 56125.000000  0.122814  0.407047  0.414062
 56126.000000  0.124435  0.406840  0.414203
 56127.000000  0.126239  0.406643  0.414251
 56128.000000  0.127745  0.406264  0.414071
 56129.000000  0.129227  0.405785  0.413725
 56130.000000  0.130787  0.405125  0.413255
 56131.000000  0.132387  0.404523  0.412723
 56132.000000  0.133932  0.404018  0.412131
 56133.000000  0.135614  0.403272  0.411585
 56134.000000  0.137280  0.402524  0.411087
 56135.000000  0.138993  0.401814  0.410775
 56136.000000  0.140920  0.401178  0.410542
 56137.000000  0.142506  0.401049  0.410423
 56138.000000  0.143480  0.400692  0.410336
 56139.000000  0.144625  0.400215  0.410210
 56140.000000  0.145946  0.399829  0.409930
 56141.000000  0.147315  0.399345  0.409532
 56142.000000  0.148473  0.398802  0.409053
 56143.000000  0.149249  0.398140  0.408496
 56144.000000  0.149979  0.397590  0.407897
 56145.000000  0.150671  0.397024  0.407374
 56146.000000  0.151467  0.396333  0.406949
 56147.000000  0.152500  0.395877  0.406687
 56148.000000  0.153731  0.395218  0.406588
 56149.000000  0.155332  0.394230  0.406589
 56150.000000  0.156948  0.393425  0.406674
 56151.000000  0.158540  0.392912  0.406823
 56152.000000  0.160221  0.392335  0.407033
 56153.000000  0.162134  0.391867  0.407186
 56154.000000  0.163362  0.391425  0.407230
 56155.000000  0.164337  0.390714  0.407137
 56156.000000  0.165627  0.389979  0.406854
 56157.000000  0.167118  0.389033  0.406438
 56158.000000  0.168597  0.387928  0.405857
 56159.000000  0.169942  0.386763  0.405175
 56160.000000  0.171298  0.385398  0.404497
 56161.000000  0.172368  0.384295  0.403898
 56162.000000  0.173431  0.383057  0.403411
 56163.000000  0.174105  0.382028  0.403103
 56164.000000  0.174644  0.380911  0.402912
 56165.000000  0.175245  0.379956  0.402796
 56166.000000  0.175637  0.378763  0.402595
 56167.000000  0.176051  0.377272  0.402253
 56168.000000  0.176396  0.375751  0.401722
 56169.000000  0.176738  0.374268  0.401017
 56170.000000  0.177099  0.373095  0.400231
 56171.000000  0.177275  0.371957  0.399370
 56172.000000  0.176992  0.370856  0.398539
 56173.000000  0.176650  0.369576  0.397731
 56174.000000  0.176375  0.368337  0.397004
 56175.000000  0.176227  0.366835  0.396432
 56176.000000  0.176079  0.365318  0.396048
 56177.000000  0.175947  0.363610  0.395735
 56178.000000  0.175877  0.362235  0.395457
 56179.000000  0.175770  0.360924  0.395307
 56180.000000  0.175594  0.359634  0.395038
 56181.000000  0.175696  0.358288  0.394654
 56182.000000  0.176007  0.357211  0.394101
 56183.000000  0.176196  0.356139  0.393350
 56184.000000  0.176741  0.355007  0.392379
 56185.000000  0.177425  0.353913  0.391178
 56186.000000  0.177784  0.352812  0.389743
 56187.000000  0.177802  0.351932  0.388352
 56188.000000  0.177737  0.350812  0.386979
 56189.000000  0.177452  0.349704  0.385771
 56190.000000  0.177149  0.348196  0.384748
 56191.000000  0.176564  0.346359  0.383898
 56192.000000  0.176120  0.344589  0.383263
 56193.000000  0.175882  0.343246  0.382584
 56194.000000  0.175608  0.342116  0.381865
 56195.000000  0.174962  0.341530  0.381023
 56196.000000  0.173929  0.341108  0.380009
 56197.000000  0.173095  0.340541  0.378792
 56198.000000  0.172110  0.339831  0.377463
 56199.000000  0.170690  0.338621  0.376130
 56200.000000  0.169484  0.336658  0.374827
 56201.000000  0.168893  0.334488  0.373689
 56202.000000  0.168556  0.332869  0.372699
 56203.000000  0.168261  0.331527  0.371910
 56204.000000  0.168218  0.330668  0.371253
 56205.000000  0.167775  0.329688  0.370672
 56206.000000  0.166829  0.328457  0.370165
 56207.000000  0.165776  0.327262  0.369666
 56208.000000  0.164811  0.326195  0.369128
 56209.000000  0.163850  0.325275  0.368421
 56210.000000  0.162665  0.324057  0.367547
 56211.000000  0.161680  0.322876  0.366489
 56212.000000  0.160551  0.322152  0.365273
 56213.000000  0.159093  0.321446  0.363854
 56214.000000  0.157601  0.320568  0.362382
 56215.000000  0.156054  0.319968  0.360887
 56216.000000  0.154180  0.319360  0.359485
 56217.000000  0.152154  0.318297  0.358214
 56218.000000  0.150678  0.317253  0.357156
 56219.000000  0.149569  0.316662  0.356270
 56220.000000  0.148043  0.316131  0.355487
 56221.000000  0.146608  0.315322  0.354731
 56222.000000  0.145543  0.314380  0.353876
 56223.000000  0.145007  0.313268  0.353011
 56224.000000  0.145213  0.312435  0.351999
 56225.000000  0.145615  0.311852  0.350905
 56226.000000  0.145955  0.311525  0.349765
 56227.000000  0.146089  0.311350  0.348592
 56228.000000  0.145902  0.311464  0.347491
 56229.000000  0.144985  0.311623  0.346469
 56230.000000  0.144143  0.311322  0.345553
 56231.000000  0.143952  0.311344  0.344687
 56232.000000  0.143335  0.311322  0.343949
 56233.000000  0.142496  0.311202  0.343227
 56234.000000  0.141501  0.311090  0.342539
 56235.000000  0.140655  0.310338  0.341793
 56236.000000  0.139661  0.309499  0.340957
 56237.000000  0.138701  0.308399  0.340003
 56238.000000  0.138146  0.307641  0.338940
 56239.000000  0.137681  0.306960  0.337716
 56240.000000  0.137470  0.306697  0.336372
 56241.000000  0.136415  0.306862  0.334980
 56242.000000  0.135140  0.306608  0.333528
 56243.000000  0.134281  0.306265  0.332017
 56244.000000  0.133366  0.305787  0.330527
 56245.000000  0.132333  0.305606  0.329129
 56246.000000  0.131284  0.305387  0.327832
 56247.000000  0.130376  0.305026  0.326523
 56248.000000  0.129972  0.304514  0.325215
 56249.000000  0.129616  0.304629  0.323779
 56250.000000  0.128850  0.304488  0.322191
 56251.000000  0.127719  0.304116  0.320474
 56252.000000  0.126270  0.303725  0.318734
 56253.000000  0.124830  0.303039  0.317004
 56254.000000  0.123682  0.302270  0.315336
 56255.000000  0.122815  0.301758  0.313755
 56256.000000  0.121446  0.301305  0.312322
 56257.000000  0.120330  0.300698  0.311026
 56258.000000  0.120111  0.300372  0.309879
 56259.000000  0.119773  0.300632  0.308852
 56260.000000  0.119249  0.300583  0.307914
 56261.000000  0.118883  0.300539  0.307010
 56262.000000  0.118435  0.300220  0.306140
 56263.000000  0.117747  0.299784  0.305169
 56264.000000  0.116649  0.299475  0.304144
 56265.000000  0.115800  0.299221  0.303040
 56266.000000  0.115161  0.299515  0.301833
 56267.000000  0.114070  0.299438  0.300533
 56268.000000  0.112562  0.299270  0.299183
 56269.000000  0.110757  0.299082  0.297786
 56270.000000  0.109587  0.298335  0.296453
 56271.000000  0.108678  0.297733  0.295118
 56272.000000  0.107369  0.297098  0.293900
 56273.000000  0.106168  0.296689  0.292802
 56274.000000  0.104749  0.296358  0.291912
 56275.000000  0.103055  0.295597  0.290961
 56276.000000  0.101061  0.294850  0.289965
 56277.000000  0.098998  0.293924  0.288996
 56278.000000  0.096862  0.293381  0.287937
 56279.000000  0.094647  0.292659  0.286824
 56280.000000  0.093078  0.291787  0.285703
 56281.000000  0.091491  0.291318  0.284666
 56282.000000  0.089983  0.291145  0.283800
 56283.000000  0.088576  0.291158  0.283062
 56284.000000  0.087463  0.290763  0.282323
 56285.000000  0.086872  0.290357  0.281671
 56286.000000  0.086317  0.290269  0.281110
 56287.000000  0.085728  0.290410  0.280628
 56288.000000  0.084726  0.290552  0.280174
 56289.000000  0.083018  0.290509  0.279710
 56290.000000  0.080748  0.290214  0.279232
 56291.000000  0.078977  0.289998  0.278614
 56292.000000  0.077258  0.289942  0.277905
 56293.000000  0.075294  0.289944  0.277080
 56294.000000  0.073308  0.289918  0.276114
 56295.000000  0.071428  0.289738  0.275034
 56296.000000  0.070098  0.289603  0.273855
 56297.000000  0.069038  0.289597  0.272657
 56298.000000  0.068213  0.289674  0.271451
 56299.000000  0.067202  0.290086  0.270386
 56300.000000  0.066287  0.290546  0.269461
 56301.000000  0.065282  0.291343  0.268608
 56302.000000  0.064165  0.292186  0.267758
 56303.000000  0.063388  0.293032  0.266790
 56304.000000  0.061949  0.293593  0.265736
 56305.000000  0.060615  0.294320  0.264469
 56306.000000  0.059248  0.295131  0.263048
 56307.000000  0.058352  0.295968  0.261552
 56308.000000  0.057047  0.296514  0.260070
 56309.000000  0.055428  0.297440  0.258680
 56310.000000  0.053916  0.298433  0.257362
 56311.000000  0.052941  0.299369  0.256127
 56312.000000  0.051733  0.300723  0.254954
 56313.000000  0.050303  0.301878  0.253843
 56314.000000  0.049388  0.302832  0.252808
 56315.000000  0.048705  0.304064  0.251730
 56316.000000  0.047832  0.305209  0.250654
 56317.000000  0.047095  0.305893  0.249519
 56318.000000  0.046389  0.306505  0.248391
 56319.000000  0.045581  0.306864  0.247128
 56320.000000  0.044933  0.307193  0.245769
 56321.000000  0.044054  0.307635  0.244299
 56322.000000  0.043074  0.308206  0.242824
 56323.000000  0.042844  0.309199  0.241234
 56324.000000  0.042386  0.310569  0.239741
 56325.000000  0.042557  0.311883  0.238356
 56326.000000  0.042578  0.313572  0.237152
 56327.000000  0.041976  0.314750  0.236023
 56328.000000  0.041021  0.315637  0.235028
 56329.000000  0.039950  0.316874  0.234102
 56330.000000  0.038912  0.318523  0.233174
 56331.000000  0.037473  0.319755  0.232136
 56332.000000  0.036223  0.320518  0.230937
 56333.000000  0.035482  0.321179  0.229599
 56334.000000  0.035215  0.322133  0.228192
 56335.000000  0.034914  0.323163  0.226777
 56336.000000  0.034448  0.324052  0.225443
 56337.000000  0.033782  0.324566  0.224286
 56338.000000  0.033877  0.325104  0.223283
 56339.000000  0.033987  0.325918  0.222385
 56340.000000  0.033650  0.326940  0.221574
 56341.000000  0.033349  0.327833  0.220849
 56342.000000  0.032991  0.329162  0.220270
 56343.000000  0.032999  0.330291  0.219643
 56344.000000  0.032773  0.331456  0.218922
 56345.000000  0.032566  0.332422  0.218067
 56346.000000  0.032052  0.333423  0.217081
 56347.000000  0.031581  0.334346  0.215844
 56348.000000  0.030702  0.334989  0.214482
 56349.000000  0.029730  0.335060  0.212927
 56350.000000  0.029258  0.335862  0.211260
 56351.000000  0.029626  0.336770  0.209475
 56352.000000  0.030224  0.338182  0.207740
 56353.000000  0.030534  0.339738  0.206057
 56354.000000  0.030840  0.341280  0.204535
 56355.000000  0.031204  0.342796  0.203070
 56356.000000  0.031586  0.344036  0.201597
 56357.000000  0.032054  0.344969  0.200119
 56358.000000  0.032909  0.345724  0.198565
 56359.000000  0.034253  0.346392  0.196907
 56360.000000  0.035546  0.347391  0.195157
 56361.000000  0.036650  0.348521  0.193278
 56362.000000  0.037691  0.349969  0.191388
 56363.000000  0.038794  0.351878  0.189498
 56364.000000  0.039911  0.354133  0.187655
 56365.000000  0.040485  0.356012  0.185927
 56366.000000  0.040966  0.357398  0.184310
 56367.000000  0.040907  0.358653  0.182837
 56368.000000  0.041043  0.359570  0.181457
 56369.000000  0.041571  0.360284  0.180199
 56370.000000  0.042545  0.360683  0.179003
 56371.000000  0.043539  0.361278  0.177883
 56372.000000  0.044704  0.362204  0.176697
 56373.000000  0.045196  0.363219  0.175484
 56374.000000  0.045714  0.364495  0.174160
 56375.000000  0.046502  0.365570  0.172651
 56376.000000  0.047540  0.366923  0.171020
 56377.000000  0.048052  0.368240  0.169237
 56378.000000  0.048627  0.369454  0.167327
 56379.000000  0.049516  0.370904  0.165340
 56380.000000  0.050512  0.372103  0.163415
 56381.000000  0.051009  0.373322  0.161550
 56382.000000  0.051437  0.374436  0.159809
 56383.000000  0.051199  0.375303  0.158160
 56384.000000  0.050868  0.376045  0.156578
 56385.000000  0.050970  0.376736  0.155019
 56386.000000  0.051476  0.377436  0.153413
 56387.000000  0.052246  0.378037  0.151732
 56388.000000  0.052825  0.378825  0.149908
 56389.000000  0.053166  0.379371  0.148011
 56390.000000  0.053552  0.380057  0.146137
 56391.000000  0.054087  0.381233  0.144296
 56392.000000  0.054968  0.382387  0.142544
 56393.000000  0.055513  0.383472  0.140945
 56394.000000  0.055483  0.384315  0.139514
 56395.000000  0.055488  0.385063  0.138209
 56396.000000  0.055470  0.385698  0.137026
 56397.000000  0.055618  0.386062  0.135922
 56398.000000  0.055937  0.386416  0.134824
 56399.000000  0.056534  0.387031  0.133681
 56400.000000  0.057522  0.387544  0.132519
 56401.000000  0.058643  0.388729  0.131278
 56402.000000  0.059397  0.389924  0.129895
 56403.000000  0.060043  0.390964  0.128351
 56404.000000  0.061022  0.391933  0.126723
 56405.000000  0.062013  0.392817  0.124962
 56406.000000  0.062977  0.393353  0.123143
 56407.000000  0.063910  0.393912  0.121309
 56408.000000  0.064779  0.394225  0.119581
 56409.000000  0.065691  0.394763  0.117950
 56410.000000  0.066108  0.395259  0.116500
 56411.000000  0.066927  0.395494  0.115129
 56412.000000  0.067935  0.396018  0.113769
 56413.000000  0.069078  0.396193  0.112370
 56414.000000  0.070604  0.396871  0.110906
 56415.000000  0.072191  0.397634  0.109297
 56416.000000  0.073936  0.398137  0.107653
 56417.000000  0.075381  0.398721  0.105949
 56418.000000  0.076731  0.399161  0.104290
 56419.000000  0.077720  0.399557  0.102673
 56420.000000  0.078796  0.399671  0.101126
 56421.000000  0.080193  0.400191  0.099744
 56422.000000  0.081781  0.400489  0.098553
 56423.000000  0.084217  0.400871  0.097467
 56424.000000  0.086338  0.401468  0.096474
 56425.000000  0.088313  0.402178  0.095574
 56426.000000  0.089471  0.403235  0.094675
 56427.000000  0.090725  0.403959  0.093729
 56428.000000  0.091112  0.404601  0.092741
 56429.000000  0.091655  0.404715  0.091606
 56430.000000  0.092285  0.404920  0.090357
 56431.000000  0.093383  0.404815  0.088955
 56432.000000  0.094804  0.404884  0.087469
 56433.000000  0.096683  0.405112  0.085924
 56434.000000  0.098083  0.405800  0.084466
 56435.000000  0.099443  0.406591  0.082903
 56436.000000  0.100663  0.407121  0.081726
 56437.000000  0.101499  0.407187  0.080491
 56438.000000  0.102297  0.407207  0.079446
 56439.000000  0.102863  0.407264  0.078490
 56440.000000  0.103516  0.407155  0.077586
 56441.000000  0.104130  0.407210  0.076677
 56442.000000  0.104899  0.407076  0.075765
 56443.000000  0.106372  0.406907  0.074812
 56444.000000  0.108285  0.406661  0.073975
 56445.000000  0.110260  0.406479  0.073223
 56446.000000  0.111810  0.406381  0.072542
 56447.000000  0.113293  0.405951  0.071909
 56448.000000  0.114144  0.405426  0.071468
 56449.000000  0.114640  0.404590  0.071056
 56450.000000  0.115006  0.403807  0.070785
 56451.000000  0.115696  0.402886  0.070591
 56452.000000  0.116299  0.402130  0.070485
 56453.000000  0.117365  0.401335  0.070403
 56454.000000  0.118259  0.401090  0.070237
 56455.000000  0.119229  0.400594  0.069975
 56456.000000  0.120710  0.400035  0.069621
 56457.000000  0.122416  0.399497  0.069150
 56458.000000  0.123917  0.398931  0.068522
 56459.000000  0.125700  0.398528  0.067753
 56460.000000  0.127391  0.398282  0.066982
 56461.000000  0.129297  0.397824  0.066115
 56462.000000  0.131176  0.397879  0.065324
 56463.000000  0.132622  0.397709  0.064484
 56464.000000  0.134148  0.397023  0.063765
 56465.000000  0.135316  0.396497  0.063180
 56466.000000  0.136130  0.395935  0.062608
 56467.000000  0.136430  0.395609  0.062041
 56468.000000  0.136966  0.394976  0.061376
 56469.000000  0.137560  0.394353  0.060633
 56470.000000  0.137996  0.393746  0.059843
 56471.000000  0.138771  0.392856  0.059049
 56472.000000  0.140190  0.391996  0.058342
 56473.000000  0.141519  0.391449  0.057759
 56474.000000  0.142615  0.390805  0.057368
 56475.000000  0.144080  0.390140  0.057167
 56476.000000  0.145665  0.389522  0.057158
 56477.000000  0.146714  0.388758  0.057290
 56478.000000  0.147710  0.387543  0.057586
 56479.000000  0.148956  0.386181  0.057917
 56480.000000  0.150372  0.384879  0.058285
 56481.000000  0.151575  0.383559  0.058585
 56482.000000  0.153041  0.382262  0.058769
 56483.000000  0.154503  0.381163  0.058825
 56484.000000  0.156071  0.380737  0.058754
 56485.000000  0.156872  0.380631  0.058521
 56486.000000  0.158060  0.380043  0.058249
 56487.000000  0.159083  0.379415  0.057846
 56488.000000  0.159926  0.378243  0.057435
 56489.000000  0.160908  0.377179  0.056991
 56490.000000  0.161813  0.376269  0.056537
 56491.000000  0.162571  0.375421  0.056194
 56492.000000  0.162940  0.374731  0.055871
 56493.000000  0.163855  0.373847  0.055584
 56494.000000  0.164546  0.373115  0.055405
 56495.000000  0.164807  0.371817  0.055144
 56496.000000  0.165269  0.370346  0.054781
 56497.000000  0.166025  0.369015  0.054279
 56498.000000  0.166327  0.367925  0.053664
 56499.000000  0.166827  0.366698  0.053012
 56500.000000  0.167692  0.365554  0.052348
 56501.000000  0.168774  0.364761  0.051821
 56502.000000  0.169694  0.363981  0.051399
 56503.000000  0.170596  0.362958  0.051101
 56504.000000  0.171161  0.361745  0.050926
 56505.000000  0.171610  0.360816  0.050873
 56506.000000  0.171451  0.359937  0.050858
 56507.000000  0.171815  0.358746  0.050937
 56508.000000  0.172179  0.357552  0.050818
 56509.000000  0.172413  0.356260  0.050795
 56510.000000  0.172540  0.355283  0.050758
 56511.000000  0.172792  0.354280  0.050562
 56512.000000  0.173415  0.353373  0.050215
 56513.000000  0.173706  0.352933  0.049829
 56514.000000  0.173886  0.352084  0.049338
 56515.000000  0.173990  0.351272  0.048787
 56516.000000  0.173779  0.350220  0.048285
 56517.000000  0.173632  0.348908  0.047797
 56518.000000  0.173733  0.347800  0.047400
 56519.000000  0.173711  0.346393  0.047051
 56520.000000  0.173680  0.345177  0.046753
 56521.000000  0.173346  0.343932  0.046415
 56522.000000  0.173331  0.342890  0.045966
 56523.000000  0.173133  0.341906  0.045393
 56524.000000  0.173101  0.340711  0.044665
 56525.000000  0.172362  0.339413  0.043840
 56526.000000  0.171731  0.337839  0.042955
 56527.000000  0.170574  0.336471  0.042087
 56528.000000  0.169855  0.334954  0.041260
 56529.000000  0.169115  0.333586  0.040578
 56530.000000  0.168995  0.332239  0.039996
 56531.000000  0.168395  0.330734  0.039534
 56532.000000  0.168536  0.329432  0.039168
 56533.000000  0.168042  0.328293  0.038897
 56534.000000  0.167795  0.327034  0.038680
 56535.000000  0.166446  0.325796  0.038462
 56536.000000  0.166003  0.324025  0.038213
 56537.000000  0.165439  0.322746  0.037875
 56538.000000  0.165452  0.321424  0.037386
 56539.000000  0.164687  0.320444  0.036786
 56540.000000  0.164508  0.319547  0.036052
 56541.000000  0.164160  0.318333  0.035181
 56542.000000  0.164075  0.317366  0.034215
 56543.000000  0.163346  0.316432  0.033258
 56544.000000  0.163091  0.315260  0.032350
 56545.000000  0.161913  0.314251  0.031525
 56546.000000  0.161240  0.312688  0.030766
 56547.000000  0.159804  0.311561  0.030114
 56548.000000  0.158849  0.309852  0.029478
 56549.000000  0.157717  0.308550  0.028799
 56550.000000  0.157382  0.306856  0.028018
 56551.000000  0.157097  0.306077  0.027083
 56552.000000  0.156506  0.305471  0.025960
 56553.000000  0.155387  0.305399  0.024675
 56554.000000  0.153915  0.304767  0.023302
 56555.000000  0.152866  0.303984  0.021953
 56556.000000  0.151354  0.303210  0.020723
 56557.000000  0.149350  0.302360  0.019650
 56558.000000  0.146669  0.301470  0.018692
 56559.000000  0.144906  0.300355  0.017810
 56560.000000  0.143575  0.299596  0.016970
 56561.000000  0.142062  0.298892  0.016183
 56562.000000  0.140900  0.297877  0.015441
 56563.000000  0.139493  0.297352  0.014723
 56564.000000  0.137665  0.296174  0.014017
 56565.000000  0.135482  0.295228  0.013198
 56566.000000  0.133074  0.294098  0.012262
 56567.000000  0.131059  0.292944  0.011209
 56568.000000  0.129598  0.291987  0.010026
 56569.000000  0.128451  0.291108  0.008800
 56570.000000  0.128015  0.290092  0.007506
 56571.000000  0.126615  0.289636  0.006222
 56572.000000  0.124945  0.289027  0.004951
 56573.000000  0.123043  0.288262  0.003748
 56574.000000  0.121984  0.287163  0.002584
 56575.000000  0.120393  0.286905  0.001447
 56576.000000  0.118731  0.285924  0.000380
 56577.000000  0.116807  0.285405  -0.000789
 56578.000000  0.115065  0.284738  -0.001960
 56579.000000  0.113959  0.284572  -0.003262
 56580.000000  0.112681  0.284108  -0.004707
 56581.000000  0.111864  0.283673  -0.006242
 56582.000000  0.110077  0.283803  -0.007757
 56583.000000  0.108396  0.283215  -0.009245
 56584.000000  0.105922  0.283291  -0.010602
 56585.000000  0.103784  0.282582  -0.011770
 56586.000000  0.101729  0.282614  -0.012777
 56587.000000  0.099976  0.282257  -0.013643
 56588.000000  0.098464  0.282338  -0.014418
 56589.000000  0.096928  0.282437  -0.015187
 56590.000000  0.095013  0.282729  -0.016033
 56591.000000  0.093460  0.282446  -0.017028
 56592.000000  0.092425  0.282454  -0.018070
 56593.000000  0.091823  0.282903  -0.019264
 56594.000000  0.091212  0.283666  -0.020615
 56595.000000  0.090394  0.284095  -0.022064
 56596.000000  0.089603  0.284203  -0.023591
 56597.000000  0.087972  0.284254  -0.025112
 56598.000000  0.086918  0.284376  -0.026528
 56599.000000  0.085396  0.284781  -0.027888
 56600.000000  0.084513  0.284889  -0.029210
 56601.000000  0.083064  0.285527  -0.030497
 56602.000000  0.081889  0.285776  -0.031735
 56603.000000  0.081053  0.286148  -0.032895
 56604.000000  0.079828  0.286727  -0.034034
 56605.000000  0.077919  0.286508  -0.035204
 56606.000000  0.076234  0.286300  -0.036452
 56607.000000  0.074831  0.285641  -0.037792
 56608.000000  0.073704  0.285319  -0.039228
 56609.000000  0.073071  0.284942  -0.040721
 56610.000000  0.072160  0.284864  -0.042196
 56611.000000  0.072262  0.285167  -0.043573
 56612.000000  0.069824  0.286119  -0.044769
 56613.000000  0.068118  0.285379  -0.045879
 56614.000000  0.066857  0.287220  -0.046864
 56615.000000  0.064733  0.287636  -0.047805
 56616.000000  0.064186  0.288149  -0.048687
 56617.000000  0.061876  0.289025  -0.049568
 56618.000000  0.061736  0.289118  -0.050453
 56619.000000  0.060543  0.289806  -0.051410
 56620.000000  0.060413  0.290060  -0.052548
 56621.000000  0.059197  0.290915  -0.053742
 56622.000000  0.058647  0.291506  -0.055006
 56623.000000  0.058258  0.292076  -0.056374
 56624.000000  0.057900  0.292581  -0.057787
 56625.000000  0.057630  0.293289  -0.059229
 56626.000000  0.057087  0.293638  -0.060624
 56627.000000  0.057440  0.293983  -0.061976
 56628.000000  0.058288  0.294693  -0.063263
 56629.000000  0.057014  0.295868  -0.064485
 56630.000000  0.057317  0.296358  -0.065598
 56631.000000  0.057260  0.297464  -0.066750
 56632.000000  0.057278  0.298427  -0.067957
 56633.000000  0.057159  0.300513  -0.069256
 56634.000000  0.057093  0.301502  -0.070648
 56635.000000  0.057129  0.302606  -0.072074
 56636.000000  0.057181  0.303648  -0.073469
 56637.000000  0.056496  0.305442  -0.074760
 56638.000000  0.056955  0.306133  -0.075963
 56639.000000  0.056723  0.307520  -0.077061
 56640.000000  0.055419  0.308358  -0.078039
 56641.000000  0.054610  0.308844  -0.078879
 56642.000000  0.053296  0.308191  -0.079598
 56643.000000  0.051661  0.308295  -0.080262
 56644.000000  0.049991  0.308032  -0.080843
 56645.000000  0.048701  0.308207  -0.081482
 56646.000000  0.047037  0.308635  -0.082197
 56647.000000  0.045709  0.309203  -0.083049
 56648.000000  0.044901  0.309566  -0.084043
 56649.000000  0.044156  0.310451  -0.085167
 56650.000000  0.043487  0.311185  -0.086408
 56651.000000  0.042889  0.312290  -0.087721
 56652.000000  0.041581  0.313501  -0.089098
 56653.000000  0.041053  0.314500  -0.090534
 56654.000000  0.040850  0.315932  -0.091936
 56655.000000  0.040504  0.317332  -0.093357
 56656.000000  0.039179  0.317674  -0.094663
 56657.000000  0.039029  0.318585  -0.095885
 56658.000000  0.038706  0.318784  -0.097065
 56659.000000  0.038311  0.319458  -0.098320
 56660.000000  0.038133  0.320194  -0.099515
 56661.000000  0.037252  0.320638  -0.100871
 56662.000000  0.037087  0.321265  -0.102257
 56663.000000  0.036179  0.321945  -0.103668
 56664.000000  0.035196  0.322773  -0.104993
 56665.000000  0.033996  0.323779  -0.106166
 56666.000000  0.033817  0.324678  -0.107183
 56667.000000  0.033944  0.326706  -0.108089
 56668.000000  0.032680  0.327975  -0.108875
 56669.000000  0.031229  0.328888  -0.109472
 56670.000000  0.030130  0.330430  -0.110035
 56671.000000  0.029110  0.330252  -0.110577
 56672.000000  0.028578  0.332101  -0.111171
 56673.000000  0.027400  0.332803  -0.111829
 56674.000000  0.026830  0.333693  -0.112604
 56675.000000  0.025923  0.334931  -0.113485
 56676.000000  0.024841  0.336397  -0.114557
 56677.000000  0.023778  0.337351  -0.115724
 56678.000000  0.023747  0.338269  -0.116921
 56679.000000  0.024056  0.338988  -0.118238
 56680.000000  0.024359  0.339945  -0.119523
 56681.000000  0.024455  0.340692  -0.120726
 56682.000000  0.024376  0.341354  -0.121816
 56683.000000  0.024114  0.341828  -0.122921
 56684.000000  0.024246  0.342596  -0.123850
 56685.000000  0.024374  0.343912  -0.124780
 56686.000000  0.024524  0.345493  -0.125813
 56687.000000  0.024509  0.346909  -0.126967
 56688.000000  0.024240  0.347922  -0.128246
 56689.000000  0.023724  0.348780  -0.129695
 56690.000000  0.023572  0.349466  -0.131057
 56691.000000  0.023563  0.350111  -0.132453
 56692.000000  0.023758  0.350988  -0.133739
 56693.000000  0.023853  0.352349  -0.134865
 56694.000000  0.024353  0.353670  -0.135772
 56695.000000  0.024483  0.355315  -0.136561
 56696.000000  0.024465  0.356652  -0.137206
 56697.000000  0.024368  0.358217  -0.137816
 56698.000000  0.024179  0.359757  -0.138385
 56699.000000  0.024006  0.361770  -0.139005
 56700.000000  0.023536  0.363710  -0.139674
 56701.000000  0.022783  0.365378  -0.140468
 56702.000000  0.022078  0.367069  -0.141403
 56703.000000  0.021476  0.368636  -0.142447
 56704.000000  0.021008  0.370347  -0.143668
 56705.000000  0.020491  0.372157  -0.144966
 56706.000000  0.019807  0.373381  -0.146316
 56707.000000  0.019888  0.374833  -0.147726
 56708.000000  0.020105  0.376078  -0.149063
 56709.000000  0.020326  0.377375  -0.150360
 56710.000000  0.020511  0.378492  -0.151526
 56711.000000  0.020657  0.379963  -0.152690
 56712.000000  0.020412  0.381336  -0.153833
 56713.000000  0.019583  0.382722  -0.155043
 56714.000000  0.018779  0.383580  -0.156405
 56715.000000  0.018816  0.384180  -0.157928
 56716.000000  0.019285  0.385239  -0.159742
 56717.000000  0.019827  0.386565  -0.161703
 56718.000000  0.020248  0.387851  -0.163694
 56719.000000  0.020397  0.389370  -0.165663
 56720.000000  0.020515  0.390840  -0.167528
 56721.000000  0.020356  0.392002  -0.169212
 56722.000000  0.020442  0.392936  -0.170737
 56723.000000  0.020272  0.394003  -0.172115
 56724.000000  0.020153  0.395058  -0.173343
 56725.000000  0.019857  0.396138  -0.174487
 56726.000000  0.019557  0.396905  -0.175556
 56727.000000  0.019282  0.398004  -0.176627
 56728.000000  0.019512  0.399089  -0.177678
 56729.000000  0.020298  0.400193  -0.178786
 56730.000000  0.021480  0.401226  -0.179973
 56731.000000  0.022526  0.402431  -0.181244
 56732.000000  0.023622  0.403654  -0.182504
 56733.000000  0.024466  0.404949  -0.183784
 56734.000000  0.024897  0.405576  -0.185035
 56735.000000  0.025403  0.405969  -0.186250
 56736.000000  0.026174  0.406493  -0.187439
 56737.000000  0.027444  0.407097  -0.188585
 56738.000000  0.028316  0.408435  -0.189675
 56739.000000  0.029456  0.409776  -0.190829
 56740.000000  0.030883  0.411304  -0.192045
 56741.000000  0.032278  0.412620  -0.193350
 56742.000000  0.033636  0.414153  -0.194784
 56743.000000  0.035046  0.415152  -0.196396
 56744.000000  0.036820  0.415985  -0.198089
 56745.000000  0.038500  0.416880  -0.199886
 56746.000000  0.040431  0.418040  -0.201680
 56747.000000  0.042232  0.419471  -0.203420
 56748.000000  0.043616  0.420926  -0.205007
 56749.000000  0.044721  0.422518  -0.206471
 56750.000000  0.045496  0.423828  -0.207831
 56751.000000  0.045973  0.424933  -0.209084
 56752.000000  0.046380  0.425657  -0.210274
 56753.000000  0.046836  0.426321  -0.211506
 56754.000000  0.047742  0.426413  -0.212663
 56755.000000  0.049168  0.427200  -0.213869
 56756.000000  0.050718  0.428221  -0.215059
 56757.000000  0.052162  0.429049  -0.216351
 56758.000000  0.053256  0.429803  -0.217672
 56759.000000  0.054228  0.430495  -0.219070
 56760.000000  0.054928  0.430829  -0.220512
 56761.000000  0.055809  0.431116  -0.221959
 56762.000000  0.056691  0.432068  -0.223415
 56763.000000  0.057366  0.432710  -0.224741
 56764.000000  0.058291  0.433343  -0.225920
 56765.000000  0.059597  0.434399  -0.227132
 56766.000000  0.060283  0.435888  -0.228326
 56767.000000  0.061053  0.436856  -0.229567
 56768.000000  0.062232  0.437947  -0.230871
 56769.000000  0.063810  0.438639  -0.232307
 56770.000000  0.065297  0.439385  -0.233905
 56771.000000  0.066915  0.439874  -0.235624
 56772.000000  0.068591  0.440439  -0.237478
 56773.000000  0.070302  0.441008  -0.239467
 56774.000000  0.071810  0.441745  -0.241452
 56775.000000  0.072996  0.442328  -0.243307
 56776.000000  0.074345  0.442642  -0.245029
 56777.000000  0.076133  0.442773  -0.246557
 56778.000000  0.078014  0.443138  -0.247834
 56779.000000  0.079746  0.443563  -0.249036
 56780.000000  0.081715  0.443984  -0.250127
 56781.000000  0.083799  0.444553  -0.251213
 56782.000000  0.085275  0.444865  -0.252345
 56783.000000  0.086205  0.444996  -0.253549
 56784.000000  0.087416  0.445506  -0.254808
 56785.000000  0.088960  0.446130  -0.256101
 56786.000000  0.090424  0.446740  -0.257518
 56787.000000  0.091507  0.446845  -0.258955
 56788.000000  0.093121  0.446730  -0.260400
 56789.000000  0.095454  0.446664  -0.261810
 56790.000000  0.097753  0.447045  -0.263123
 56791.000000  0.099830  0.447533  -0.264294
 56792.000000  0.101330  0.447893  -0.265401
 56793.000000  0.102761  0.448017  -0.266430
 56794.000000  0.103939  0.448047  -0.267429
 56795.000000  0.104926  0.447987  -0.268470
 56796.000000  0.105832  0.447817  -0.269611
 56797.000000  0.107262  0.447600  -0.270883
 56798.000000  0.108968  0.447699  -0.272290
 56799.000000  0.110869  0.448030  -0.273782
 56800.000000  0.112175  0.448261  -0.275217
 56801.000000  0.113667  0.448050  -0.276651
 56802.000000  0.115162  0.447698  -0.277901
 56803.000000  0.116708  0.446968  -0.279009
 56804.000000  0.118081  0.446332  -0.279958
 56805.000000  0.120152  0.445404  -0.280723
 56806.000000  0.122768  0.444961  -0.281361
 56807.000000  0.125427  0.444159  -0.281840
 56808.000000  0.127752  0.443531  -0.282226
 56809.000000  0.129380  0.442904  -0.282623
 56810.000000  0.130674  0.441901  -0.283027
 56811.000000  0.131668  0.440950  -0.283484
 56812.000000  0.133003  0.439680  -0.283974
 56813.000000  0.134478  0.438903  -0.284597
 56814.000000  0.136336  0.437843  -0.285226
 56815.000000  0.138473  0.437412  -0.285951
 56816.000000  0.140269  0.436581  -0.286686
 56817.000000  0.142192  0.435886  -0.287427
 56818.000000  0.143902  0.435270  -0.288103
 56819.000000  0.145739  0.434724  -0.288782
 56820.000000  0.147475  0.434274  -0.289396
 56821.000000  0.149116  0.433474  -0.290040
 56822.000000  0.150723  0.432711  -0.290702
 56823.000000  0.152514  0.431563  -0.291421
 56824.000000  0.154209  0.430690  -0.292271
 56825.000000  0.155919  0.430007  -0.293232
 56826.000000  0.157289  0.429491  -0.294370
 56827.000000  0.158506  0.428883  -0.295507
 56828.000000  0.159863  0.428148  -0.296678
 56829.000000  0.160944  0.427272  -0.297747
 56830.000000  0.161865  0.426255  -0.298662
 56831.000000  0.163253  0.425114  -0.299387
 56832.000000  0.164731  0.423914  -0.299989
 56833.000000  0.166025  0.422581  -0.300379
 56834.000000  0.166814  0.421472  -0.300705
 56835.000000  0.167445  0.420213  -0.300876
 56836.000000  0.168126  0.419105  -0.301019
 56837.000000  0.168889  0.417824  -0.301286
 56838.000000  0.169657  0.416482  -0.301537
 56839.000000  0.170583  0.414984  -0.301848
 56840.000000  0.171901  0.413799  -0.302230
 56841.000000  0.173218  0.412780  -0.302703
 56842.000000  0.174575  0.411703  -0.303236
 56843.000000  0.175530  0.410956  -0.303760
 56844.000000  0.176354  0.409838  -0.304282
 56845.000000  0.177006  0.408779  -0.304720
 56846.000000  0.177591  0.407701  -0.305049
 56847.000000  0.178408  0.406780  -0.305370
 56848.000000  0.179045  0.405874  -0.305637
 56849.000000  0.180063  0.404784  -0.305972
 56850.000000  0.181119  0.403694  -0.306381
 56851.000000  0.182010  0.402769  -0.306920
 56852.000000  0.182721  0.401692  -0.307634
 56853.000000  0.183176  0.400707  -0.308512
 56854.000000  0.183590  0.399221  -0.309425
 56855.000000  0.184069  0.397884  -0.310369
 56856.000000  0.184394  0.396243  -0.311171
 56857.000000  0.185395  0.394562  -0.311881
 56858.000000  0.186469  0.393194  -0.312429
 56859.000000  0.187771  0.391861  -0.312801
 56860.000000  0.188752  0.391099  -0.313017
 56861.000000  0.189335  0.390020  -0.313118
 56862.000000  0.189638  0.389280  -0.313129
 56863.000000  0.190010  0.388126  -0.313159
 56864.000000  0.190394  0.387080  -0.313181
 56865.000000  0.190972  0.385957  -0.313250
 56866.000000  0.192003  0.384962  -0.313447
 56867.000000  0.193130  0.383995  -0.313673
 56868.000000  0.194155  0.382910  -0.314036
 56869.000000  0.194679  0.381753  -0.314468
 56870.000000  0.195502  0.380217  -0.314920
 56871.000000  0.196062  0.379065  -0.315325
 56872.000000  0.196643  0.377627  -0.315650
 56873.000000  0.197601  0.376143  -0.315934
 56874.000000  0.198577  0.374535  -0.316107
 56875.000000  0.199848  0.373217  -0.316253
 56876.000000  0.201160  0.372188  -0.316317
 56877.000000  0.202153  0.371223  -0.316410
 56878.000000  0.203129  0.370128  -0.316668
 56879.000000  0.204279  0.369117  -0.317065
 56880.000000  0.205456  0.368304  -0.317667
 56881.000000  0.206560  0.367614  -0.318368
 56882.000000  0.207363  0.366873  -0.319215
 56883.000000  0.207979  0.366037  -0.320032
 56884.000000  0.208824  0.364878  -0.320795
 56885.000000  0.209672  0.363516  -0.321447
 56886.000000  0.210160  0.362118  -0.321956
 56887.000000  0.210367  0.360767  -0.322336
 56888.000000  0.210015  0.359299  -0.322670
 56889.000000  0.209751  0.357777  -0.322860
 56890.000000  0.209560  0.356128  -0.323072
 56891.000000  0.209711  0.354419  -0.323224
 56892.000000  0.209548  0.352540  -0.323439
 56893.000000  0.209546  0.350685  -0.323684
 56894.000000  0.209472  0.348842  -0.323917
 56895.000000  0.209270  0.346961  -0.324207
 56896.000000  0.209104  0.345003  -0.324584
 56897.000000  0.208966  0.342829  -0.325072
 56898.000000  0.209044  0.340904  -0.325574
 56899.000000  0.209438  0.339465  -0.326049
 56900.000000  0.209549  0.338220  -0.326584
 56901.000000  0.209607  0.336853  -0.327089
 56902.000000  0.209660  0.335218  -0.327629
 56903.000000  0.209253  0.333380  -0.328143
 56904.000000  0.209037  0.331518  -0.328691
 56905.000000  0.209082  0.329809  -0.329289
 56906.000000  0.209238  0.328264  -0.330057
 56907.000000  0.209075  0.326904  -0.330991
 56908.000000  0.208594  0.325622  -0.332116
 56909.000000  0.207951  0.324035  -0.333391
 56910.000000  0.207099  0.322100  -0.334698
 56911.000000  0.205714  0.319841  -0.335900
 56912.000000  0.204831  0.317417  -0.336930
 56913.000000  0.203745  0.315473  -0.337796
 56914.000000  0.203352  0.313632  -0.338500
 56915.000000  0.203060  0.312330  -0.339099
 56916.000000  0.202705  0.310812  -0.339676
 56917.000000  0.201976  0.309541  -0.340255
 56918.000000  0.201157  0.308055  -0.340946
 56919.000000  0.200492  0.306730  -0.341604
 56920.000000  0.199684  0.304946  -0.342329
 56921.000000  0.198891  0.303290  -0.343089
 56922.000000  0.198179  0.301448  -0.343896
 56923.000000  0.197771  0.299620  -0.344831
 56924.000000  0.196661  0.297940  -0.345706
 56925.000000  0.196293  0.296423  -0.346711
 56926.000000  0.195443  0.295349  -0.347605
 56927.000000  0.194331  0.294136  -0.348367
 56928.000000  0.193125  0.293132  -0.349161
 56929.000000  0.192138  0.291839  -0.349877
 56930.000000  0.190866  0.290417  -0.350567
 56931.000000  0.189326  0.288864  -0.351298
 56932.000000  0.187948  0.287394  -0.352058
 56933.000000  0.186397  0.286348  -0.352901
 56934.000000  0.184578  0.285108  -0.354014
 56935.000000  0.182950  0.283914  -0.355301
 56936.000000  0.180754  0.282652  -0.356768
 56937.000000  0.178539  0.281117  -0.358303
 56938.000000  0.176412  0.279494  -0.359909
 56939.000000  0.174500  0.277944  -0.361469
 56940.000000  0.172107  0.276934  -0.362810
 56941.000000  0.169486  0.275672  -0.364021
 56942.000000  0.167097  0.274290  -0.365079
 56943.000000  0.164886  0.272933  -0.366084
 56944.000000  0.163207  0.271617  -0.367027
 56945.000000  0.161809  0.270620  -0.367911
 56946.000000  0.160361  0.269576  -0.368838
 56947.000000  0.158880  0.268415  -0.369779
 56948.000000  0.157655  0.267421  -0.370768
 56949.000000  0.156173  0.266420  -0.371867
 56950.000000  0.154962  0.265129  -0.373031
 56951.000000  0.153570  0.264193  -0.374291
 56952.000000  0.152566  0.263197  -0.375622
 56953.000000  0.151221  0.262595  -0.377042
 56954.000000  0.149380  0.261555  -0.378264
 56955.000000  0.147309  0.260319  -0.379485
 56956.000000  0.144807  0.259083  -0.380593
 56957.000000  0.142592  0.257846  -0.381615
 56958.000000  0.140686  0.257124  -0.382597
 56959.000000  0.138881  0.256754  -0.383605
 56960.000000  0.137047  0.256309  -0.384682
 56961.000000  0.134907  0.256044  -0.385833
 56962.000000  0.132548  0.255435  -0.387099
 56963.000000  0.130228  0.254609  -0.388670
 56964.000000  0.128109  0.253632  -0.390329
 56965.000000  0.126582  0.253031  -0.392026
 56966.000000  0.125131  0.253034  -0.393657
 56967.000000  0.123825  0.253021  -0.395187
 56968.000000  0.122200  0.252705  -0.396521
 56969.000000  0.120661  0.252108  -0.397762
 56970.000000  0.118631  0.251875  -0.398756
 56971.000000  0.116092  0.251404  -0.399679
 56972.000000  0.113510  0.251108  -0.400520
 56973.000000  0.111310  0.251017  -0.401365
 56974.000000  0.110003  0.251219  -0.402273
 56975.000000  0.108967  0.251456  -0.403232
 56976.000000  0.107342  0.251847  -0.404234
 56977.000000  0.105173  0.252110  -0.405299
 56978.000000  0.103092  0.252252  -0.406447
 56979.000000  0.101185  0.252910  -0.407692
 56980.000000  0.098812  0.253534  -0.408947
 56981.000000  0.096634  0.253731  -0.410179
 56982.000000  0.094788  0.254075  -0.411346
 56983.000000  0.093040  0.254303  -0.412440
 56984.000000  0.091070  0.254335  -0.413527
 56985.000000  0.089511  0.254007  -0.414539
 56986.000000  0.088580  0.253861  -0.415536
 56987.000000  0.087547  0.254020  -0.416521
 56988.000000  0.086946  0.254403  -0.417548
 56989.000000  0.086379  0.255257  -0.418725
 56990.000000  0.085056  0.256036  -0.420070
 56991.000000  0.083133  0.256681  -0.421526
 56992.000000  0.080959  0.257673  -0.423019
 56993.000000  0.079003  0.258720  -0.424488
 56994.000000  0.076879  0.259434  -0.425878
 56995.000000  0.074814  0.259887  -0.427214
 56996.000000  0.073054  0.260109  -0.428434
 56997.000000  0.072065  0.260874  -0.429530
 56998.000000  0.070728  0.261964  -0.430489
 56999.000000  0.069475  0.262531  -0.431458
 57000.000000  0.067572  0.263616  -0.432434
 57001.000000  0.065146  0.264283  -0.433484
 57002.000000  0.062827  0.265108  -0.434518
 57003.000000  0.060556  0.266056  -0.435709
 57004.000000  0.058298  0.267329  -0.436935
 57005.000000  0.055677  0.268340  -0.438164
 57006.000000  0.052983  0.269410  -0.439393
 57007.000000  0.050227  0.270620  -0.440663
 57008.000000  0.047402  0.271690  -0.441958
 57009.000000  0.044854  0.272197  -0.443209
 57010.000000  0.043415  0.272517  -0.444391
 57011.000000  0.042143  0.273313  -0.445473
 57012.000000  0.040844  0.273538  -0.446458
 57013.000000  0.039590  0.273987  -0.447385
 57014.000000  0.038665  0.274174  -0.448349
 57015.000000  0.037871  0.274951  -0.449423
 57016.000000  0.037159  0.275494  -0.450599
 57017.000000  0.036204  0.276369  -0.451955
 57018.000000  0.035245  0.276884  -0.453369
 57019.000000  0.034682  0.277748  -0.454869
 57020.000000  0.034226  0.278636  -0.456386
 57021.000000  0.033518  0.279527  -0.457739
 57022.000000  0.032200  0.280352  -0.458848
 57023.000000  0.030762  0.280744  -0.459915
 57024.000000  0.029637  0.281249  -0.460828
 57025.000000  0.028933  0.281579  -0.461633
 57026.000000  0.028688  0.282072  -0.462331
 57027.000000  0.028444  0.282755  -0.463001
 57028.000000  0.027911  0.283530  -0.463668
 57029.000000  0.027118  0.284470  -0.464312
 57030.000000  0.025841  0.285481  -0.465097
 57031.000000  0.024628  0.286015  -0.466011
 57032.000000  0.023548  0.286664  -0.467055
 57033.000000  0.022586  0.287823  -0.468169
 57034.000000  0.021530  0.288791  -0.469288
 57035.000000  0.020405  0.289826  -0.470403
 57036.000000  0.018895  0.290891  -0.471536
 57037.000000  0.017181  0.292155  -0.472683
 57038.000000  0.015002  0.293627  -0.473784
 57039.000000  0.013022  0.294516  -0.474898
 57040.000000  0.010786  0.295290  -0.475964
 57041.000000  0.009316  0.296102  -0.477028
 57042.000000  0.008137  0.296827  -0.478139
 57043.000000  0.007397  0.297608  -0.479395
 57044.000000  0.006870  0.298527  -0.480789
 57045.000000  0.006190  0.299541  -0.482324
 57046.000000  0.005085  0.300129  -0.483865
 57047.000000  0.004079  0.301206  -0.485410
 57048.000000  0.002866  0.302204  -0.486784
 57049.000000  0.002403  0.303057  -0.488020
 57050.000000  0.002287  0.304496  -0.489063
 57051.000000  0.002236  0.306144  -0.489981
 57052.000000  0.002920  0.308460  -0.490829
 57053.000000  0.003721  0.310817  -0.491654
 57054.000000  0.004583  0.313153  -0.492538
 57055.000000  0.004628  0.315532  -0.493463
 57056.000000  0.004196  0.317778  -0.494438
 57057.000000  0.003915  0.319750  -0.495510
 57058.000000  0.003146  0.321290  -0.496660
 57059.000000  0.002681  0.322699  -0.497867
 57060.000000  0.002115  0.324450  -0.499135
 57061.000000  0.001911  0.325687  -0.500493
 57062.000000  0.002023  0.327129  -0.501858
 57063.000000  0.002172  0.328306  -0.503162
 57064.000000  0.002218  0.329768  -0.504365
 57065.000000  0.002255  0.331107  -0.505528
 57066.000000  0.002441  0.332459  -0.506709
 57067.000000  0.002719  0.333399  -0.507891
 57068.000000  0.002771  0.334644  -0.509047
 57069.000000  0.002851  0.335618  -0.510260
 57070.000000  0.002888  0.337281  -0.511582
 57071.000000  0.002716  0.338361  -0.513071
 57072.000000  0.002810  0.339657  -0.514742
 57073.000000  0.002581  0.341028  -0.516506
 57074.000000  0.002366  0.342695  -0.518263
 57075.000000  0.002432  0.344440  -0.519942
 57076.000000  0.003046  0.346351  -0.521498
 57077.000000  0.003333  0.348505  -0.522883
 57078.000000  0.003145  0.350323  -0.524019
 57079.000000  0.003144  0.351724  -0.525056
 57080.000000  0.003317  0.353156  -0.525954
 57081.000000  0.003175  0.354807  -0.526800
 57082.000000  0.003159  0.356584  -0.527678
 57083.000000  0.003452  0.358628  -0.528599
 57084.000000  0.003885  0.360618  -0.529565
 57085.000000  0.003908  0.362224  -0.530610
 57086.000000  0.004234  0.363727  -0.531724
 57087.000000  0.004792  0.364933  -0.532873
 57088.000000  0.004982  0.366153  -0.534098
 57089.000000  0.004646  0.367313  -0.535362
 57090.000000  0.004022  0.368172  -0.536673
 57091.000000  0.003626  0.369247  -0.538039
 57092.000000  0.003405  0.370487  -0.539428
 57093.000000  0.003182  0.371589  -0.540850
 57094.000000  0.002957  0.372691  -0.542258
 57095.000000  0.002680  0.373614  -0.543667
 57096.000000  0.002845  0.374565  -0.545203
 57097.000000  0.002724  0.375498  -0.546798
 57098.000000  0.002884  0.376459  -0.548550
 57099.000000  0.002771  0.377478  -0.550431
 57100.000000  0.003471  0.378369  -0.552553
 57101.000000  0.004592  0.379521  -0.554765
 57102.000000  0.006244  0.381246  -0.557047
 57103.000000  0.007573  0.383341  -0.559275
 57104.000000  0.008509  0.385211  -0.561319
 57105.000000  0.009347  0.387128  -0.563226
 57106.000000  0.010090  0.388561  -0.564991
 57107.000000  0.010615  0.389761  -0.566639
 57108.000000  0.010900  0.390963  -0.568117
 57109.000000  0.011089  0.392082  -0.569533
 57110.000000  0.011486  0.393202  -0.570934
 57111.000000  0.012082  0.394070  -0.572312
 57112.000000  0.012632  0.395261  -0.573670
 57113.000000  0.013817  0.396442  -0.575065
 57114.000000  0.015709  0.397893  -0.576407
 57115.000000  0.017427  0.399724  -0.577721
 57116.000000  0.018495  0.401619  -0.578988
 57117.000000  0.019109  0.403404  -0.580192
 57118.000000  0.019617  0.404801  -0.581396
 57119.000000  0.020224  0.406024  -0.582623
 57120.000000  0.020897  0.406979  -0.583879
 57121.000000  0.021386  0.407903  -0.585136
 57122.000000  0.021495  0.409250  -0.586398
 57123.000000  0.021201  0.410622  -0.587753
 57124.000000  0.021092  0.411615  -0.589253
 57125.000000  0.021206  0.412403  -0.590890
 57126.000000  0.021539  0.413142  -0.592677
 57127.000000  0.021947  0.414278  -0.594584
 57128.000000  0.023297  0.415232  -0.596570
 57129.000000  0.024217  0.416958  -0.598553
 57130.000000  0.025282  0.417766  -0.600436
 57131.000000  0.026198  0.418993  -0.602175
 57132.000000  0.027135  0.419638  -0.603721
 57133.000000  0.028065  0.420913  -0.605053
 57134.000000  0.028909  0.421696  -0.606175
 57135.000000  0.030126  0.422521  -0.607197
 57136.000000  0.031183  0.423846  -0.608208
 57137.000000  0.032119  0.425070  -0.609273
 57138.000000  0.033572  0.426235  -0.610435
 57139.000000  0.035325  0.427735  -0.611682
 57140.000000  0.036853  0.429310  -0.612993
 57141.000000  0.038147  0.430519  -0.614346
 57142.000000  0.038942  0.431534  -0.615729
 57143.000000  0.039803  0.432307  -0.617132
 57144.000000  0.040049  0.433243  -0.618504
 57145.000000  0.040288  0.434139  -0.619782
 57146.000000  0.040758  0.435551  -0.620968
 57147.000000  0.041618  0.436904  -0.622074
 57148.000000  0.042241  0.438323  -0.623089
 57149.000000  0.043536  0.439562  -0.624103
 57150.000000  0.045095  0.440890  -0.625159
 57151.000000  0.047111  0.442170  -0.626282
 57152.000000  0.049012  0.443624  -0.627525
 57153.000000  0.050592  0.444557  -0.628949
 57154.000000  0.052195  0.445060  -0.630593
 57155.000000  0.053810  0.445652  -0.632388
 57156.000000  0.055468  0.446001  -0.634262
 57157.000000  0.057253  0.446815  -0.636157
 57158.000000  0.059076  0.447094  -0.638002
 57159.000000  0.061407  0.447277  -0.639741
 57160.000000  0.063788  0.448137  -0.641320
 57161.000000  0.065745  0.448895  -0.642750
 57162.000000  0.067891  0.449224  -0.644069
 57163.000000  0.070038  0.449430  -0.645280
 57164.000000  0.071771  0.449535  -0.646405
 57165.000000  0.073956  0.449774  -0.647494
 57166.000000  0.075722  0.450730  -0.648558
 57167.000000  0.077429  0.451186  -0.649594
 57168.000000  0.079270  0.452090  -0.650617
 57169.000000  0.080951  0.452604  -0.651639
 57170.000000  0.083114  0.453245  -0.652658
 57171.000000  0.085115  0.453905  -0.653667
 57172.000000  0.087276  0.454608  -0.654606
 57173.000000  0.089048  0.455431  -0.655461
 57174.000000  0.091041  0.455951  -0.656231
 57175.000000  0.092317  0.456512  -0.656926
 57176.000000  0.093265  0.456886  -0.657563
 57177.000000  0.093828  0.457030  -0.658183
 57178.000000  0.094872  0.456898  -0.658828
 57179.000000  0.096014  0.456796  -0.659552
 57180.000000  0.096674  0.456669  -0.660405
 57181.000000  0.097117  0.456091  -0.661388
 57182.000000  0.098111  0.455620  -0.662451
 57183.000000  0.099086  0.455347  -0.663525
 57184.000000  0.100522  0.455195  -0.664557
 57185.000000  0.102333  0.455157  -0.665498
 57186.000000  0.104697  0.454920  -0.666308
 57187.000000  0.107233  0.454678  -0.666957
 57188.000000  0.109952  0.454448  -0.667434
 57189.000000  0.112525  0.454071  -0.667767
 57190.000000  0.115021  0.453623  -0.667988
 57191.000000  0.117027  0.453415  -0.668175
 57192.000000  0.119104  0.453208  -0.668432
 57193.000000  0.121260  0.453026  -0.668814
 57194.000000  0.123104  0.452939  -0.669297
 57195.000000  0.125068  0.452899  -0.669879
 57196.000000  0.127075  0.452319  -0.670556
 57197.000000  0.129166  0.452003  -0.671317
 57198.000000  0.131492  0.451473  -0.672130
 57199.000000  0.133984  0.451183  -0.672968
 57200.000000  0.136176  0.450765  -0.673811
 57201.000000  0.137894  0.450359  -0.674623
 57202.000000  0.139461  0.449668  -0.675364
 57203.000000  0.140830  0.448885  -0.676036
 57204.000000  0.142148  0.448182  0.323363
 57205.000000  0.143587  0.447308  0.322754
 57206.000000  0.145022  0.446656  0.322063
 57207.000000  0.146586  0.445586  0.321253
 57208.000000  0.148597  0.444679  0.320237
 57209.000000  0.150888  0.444069  0.319050
 57210.000000  0.152819  0.443818  0.317769
 57211.000000  0.154870  0.443735  0.316435
 57212.000000  0.156782  0.443464  0.315103
 57213.000000  0.158590  0.442763  0.313857
 57214.000000  0.160581  0.441774  0.312757
 57215.000000  0.163012  0.440560  0.311828
 57216.000000  0.165714  0.439425  0.311119
 57217.000000  0.168229  0.438447  0.310575
 57218.000000  0.170443  0.437506  0.310133
 57219.000000  0.172232  0.436291  0.309713
 57220.000000  0.173862  0.434912  0.309281
 57221.000000  0.175739  0.433880  0.308828
 57222.000000  0.177399  0.432874  0.308356
 57223.000000  0.178868  0.432027  0.307883
 57224.000000  0.180098  0.431349  0.307389
 57225.000000  0.181089  0.430359  0.306874
 57226.000000  0.182099  0.429574  0.306361
 57227.000000  0.183089  0.428746  0.305883
 57228.000000  0.184507  0.427849  0.305420
 57229.000000  0.185995  0.426788  0.304883
 57229.000000  0.185995  0.426788  0.304883
 57229.000000  0.185995  0.426788  0.304883
 57229.000000  0.185995  0.426788  0.304883
 57229.000000  0.185995  0.426788  0.304883
 57230.000000  0.187459  0.425893  0.304486
 57231.000000  0.188845  0.424773  0.304147
 57232.000000  0.190271  0.423785  0.303864
 57233.000000  0.191552  0.422717  0.303572
 57234.000000  0.192913  0.421543  0.303194
 57235.000000  0.194085  0.420398  0.302686
 57236.000000  0.195431  0.419256  0.302030
 57237.000000  0.196984  0.418013  0.301256
 57238.000000  0.198559  0.416808  0.300433
 57239.000000  0.199884  0.415503  0.299645
 57240.000000  0.201099  0.414025  0.298959
 57241.000000  0.202477  0.412514  0.298425
 57242.000000  0.203915  0.410862  0.298052
 57243.000000  0.205161  0.409220  0.297811
 57244.000000  0.206413  0.407740  0.297668
 57245.000000  0.207699  0.406366  0.297571
 57246.000000  0.209111  0.405045  0.297470
 57247.000000  0.210460  0.403765  0.297329
 57248.000000  0.211812  0.402499  0.297125
 57249.000000  0.213156  0.401209  0.296853
 57250.000000  0.214652  0.399920  0.296516
 57251.000000  0.215973  0.398636  0.296132
 57252.000000  0.217072  0.397250  0.295720
 57253.000000  0.218039  0.395900  0.295306
 57254.000000  0.218964  0.394462  0.294909
 57255.000000  0.219690  0.392997  0.294546
 57256.000000  0.220311  0.391473  0.294224
 57257.000000  0.221024  0.389791  0.293940
 57258.000000  0.221855  0.388065  0.293676
 57259.000000  0.222770  0.386254  0.293398
 57260.000000  0.223677  0.384439  0.293068
 57261.000000  0.224545  0.382812  0.292620
 57262.000000  0.225484  0.381116  0.292014
 57263.000000  0.226326  0.379654  0.291209
 57264.000000  0.226849  0.378118  0.290224
 57265.000000  0.227191  0.376593  0.289119
 57266.000000  0.227328  0.374967  0.287978
 57267.000000  0.227478  0.373154  0.286902
 57268.000000  0.227647  0.371345  0.285970
 57269.000000  0.227949  0.369580  0.285206
 57270.000000  0.228346  0.367901  0.284604
 57271.000000  0.228698  0.366149  0.284124
 57272.000000  0.229022  0.364346  0.283708
 57273.000000  0.229352  0.362644  0.283311
 57274.000000  0.229690  0.360954  0.282879
 57275.000000  0.229944  0.359154  0.282391
 57276.000000  0.230323  0.357278  0.281834
 57277.000000  0.230685  0.355426  0.281206
 57278.000000  0.230966  0.353620  0.280521
 57279.000000  0.231003  0.351996  0.279803
 57280.000000  0.231042  0.350140  0.279068
 57281.000000  0.230975  0.348307  0.278346
 57282.000000  0.230865  0.346434  0.277654
 57283.000000  0.230648  0.344577  0.277004
 57284.000000  0.230521  0.342696  0.276396
 57285.000000  0.230452  0.340822  0.275818
 57286.000000  0.230426  0.338889  0.275244
 57287.000000  0.230214  0.336994  0.274630
 57288.000000  0.230022  0.335064  0.273932
 57289.000000  0.229725  0.333157  0.273092
 57290.000000  0.229273  0.331199  0.272063
 57291.000000  0.228768  0.329507  0.270831
 57292.000000  0.228272  0.327690  0.269424
 57293.000000  0.227862  0.325919  0.267916
 57294.000000  0.227417  0.323981  0.266402
 57295.000000  0.227075  0.321941  0.264985
 57296.000000  0.226671  0.320050  0.263729
 57297.000000  0.226298  0.318067  0.262651
 57298.000000  0.225674  0.316148  0.261722
 57299.000000  0.224824  0.314248  0.260895
 57300.000000  0.223793  0.312348  0.260112
 57301.000000  0.222879  0.310512  0.259323
 57302.000000  0.221776  0.308766  0.258491
 57303.000000  0.220493  0.306981  0.257599
 57304.000000  0.219240  0.305272  0.256644
 57305.000000  0.218085  0.303412  0.255634
 57306.000000  0.217082  0.301671  0.254583
 57307.000000  0.216187  0.299971  0.253523
 57308.000000  0.215329  0.298252  0.252468
 57309.000000  0.214456  0.296621  0.251445
 57310.000000  0.213580  0.294832  0.250468
 57311.000000  0.212657  0.293003  0.249543
 57312.000000  0.211674  0.291123  0.248665
 57313.000000  0.210795  0.289378  0.247813
 57314.000000  0.210051  0.287687  0.246952
 57315.000000  0.209255  0.286107  0.246038
 57316.000000  0.208386  0.284634  0.245021
 57317.000000  0.207411  0.283101  0.243848
 57318.000000  0.206405  0.281599  0.242496
 57319.000000  0.205335  0.280110  0.240961
 57320.000000  0.204194  0.278669  0.239283
 57321.000000  0.202954  0.276969  0.237546
 57322.000000  0.201729  0.275322  0.235839
 57323.000000  0.200515  0.273655  0.234253
 57324.000000  0.199236  0.272081  0.232831
 57325.000000  0.197930  0.270500  0.231578
 57326.000000  0.196456  0.269146  0.230454
 57327.000000  0.194971  0.267706  0.229412
 57328.000000  0.193526  0.266331  0.228389
 57329.000000  0.192074  0.264823  0.227350
 57330.000000  0.190614  0.263317  0.226270
 57331.000000  0.189153  0.261927  0.225140
 57332.000000  0.187761  0.260743  0.223964
 57333.000000  0.186320  0.259644  0.222755
 57334.000000  0.184861  0.258507  0.221534
 57335.000000  0.183412  0.257421  0.220328
 57336.000000  0.181912  0.256479  0.219155
 57337.000000  0.180273  0.255494  0.218030
 57338.000000  0.178595  0.254485  0.216966
 57339.000000  0.176888  0.253543  0.215960
 57340.000000  0.175316  0.252541  0.215000
 57341.000000  0.173645  0.251670  0.214059
 57342.000000  0.171937  0.250706  0.213091
 57343.000000  0.170152  0.249850  0.212054
 57344.000000  0.168459  0.249123  0.210905
 57345.000000  0.166720  0.248421  0.209606
 57346.000000  0.164922  0.247828  0.208151
 57347.000000  0.163184  0.247161  0.206560
 57348.000000  0.161446  0.246376  0.204889
 57349.000000  0.159734  0.245585  0.203205
 57350.000000  0.157885  0.244777  0.201594
 57351.000000  0.155964  0.243882  0.200118
 57352.000000  0.153966  0.242887  0.198796
 57353.000000  0.152036  0.242079  0.197615
 57354.000000  0.150025  0.241333  0.196533
 57355.000000  0.147993  0.240627  0.195495
 57356.000000  0.145847  0.239969  0.194455
 57357.000000  0.143899  0.239279  0.193386
 57358.000000  0.141934  0.238688  0.192277
 57359.000000  0.139928  0.238137  0.191130
 57360.000000  0.137894  0.237683  0.189956
 57361.000000  0.135882  0.237118  0.188771
 57362.000000  0.133765  0.236697  0.187598
 57363.000000  0.131647  0.236444  0.186454
 57364.000000  0.129550  0.236129  0.185368
 57365.000000  0.127520  0.235906  0.184338
 57366.000000  0.125580  0.235617  0.183372
 57367.000000  0.123660  0.235484  0.182453
 57368.000000  0.121777  0.235243  0.181568
 57369.000000  0.119887  0.235196  0.180671
 57370.000000  0.117822  0.235098  0.179728
 57371.000000  0.115720  0.234980  0.178681
 57372.000000  0.113553  0.234862  0.177507
 57373.000000  0.111470  0.234850  0.176196
 57374.000000  0.109405  0.234726  0.174764
 57375.000000  0.107319  0.234652  0.173257
 57376.000000  0.105140  0.234556  0.171732
 57377.000000  0.103006  0.234461  0.170258
 57378.000000  0.100996  0.234395  0.168889
 57379.000000  0.098919  0.234289  0.167657
 57380.000000  0.096808  0.234217  0.166556
 57381.000000  0.094709  0.234247  0.165556
 57382.000000  0.092711  0.234243  0.164609
 57383.000000  0.090813  0.234269  0.163667
 57384.000000  0.088854  0.234432  0.162691
 57385.000000  0.086785  0.234635  0.161670
 57386.000000  0.084741  0.234948  0.160605
 57387.000000  0.082727  0.235278  0.159506
 57388.000000  0.080659  0.235657  0.158391
 57389.000000  0.078628  0.235919  0.157282
 57390.000000  0.076570  0.236199  0.156197
 57391.000000  0.074753  0.236543  0.155158
 57392.000000  0.072945  0.236947  0.154176
 57393.000000  0.071166  0.237506  0.153253
 57394.000000  0.069393  0.238000  0.152379
 57395.000000  0.067476  0.238511  0.151530
 57396.000000  0.065421  0.239040  0.150678
 57397.000000  0.063316  0.239751  0.149779
 57398.000000  0.061263  0.240473  0.148785
 57399.000000  0.059238  0.241280  0.147657
 57400.000000  0.057163  0.242118  0.146377
 57401.000000  0.055243  0.242818  0.144967
 57402.000000  0.053297  0.243500  0.143475
 57403.000000  0.051364  0.244217  0.141964
 57404.000000  0.049506  0.244890  0.140504
 57405.000000  0.047674  0.245552  0.139144
 57406.000000  0.045795  0.246254  0.137917
 57407.000000  0.043898  0.247022  0.136821
 57408.000000  0.042063  0.247847  0.135826
 57409.000000  0.040263  0.248691  0.134889
 57410.000000  0.038563  0.249467  0.133958